,Unnamed: 0,ticker,Open,High,Low,Close,Volume,Dividends,CDL2CROWS,CDL3BLACKCROWS,CDL3INSIDE,CDL3LINESTRIKE,CDL3OUTSIDE,CDL3STARSINSOUTH,CDL3WHITESOLDIERS,CDLABANDONEDBABY,CDLADVANCEBLOCK,CDLBELTHOLD,CDLBREAKAWAY,CDLCLOSINGMARUBOZU,CDLCONCEALBABYSWALL,CDLCOUNTERATTACK,CDLDARKCLOUDCOVER,CDLDOJI,CDLDOJISTAR,CDLDRAGONFLYDOJI,CDLENGULFING,CDLEVENINGDOJISTAR,CDLEVENINGSTAR,CDLGAPSIDESIDEWHITE,CDLGRAVESTONEDOJI,CDLHAMMER,CDLHANGINGMAN,CDLHARAMI,CDLHARAMICROSS,CDLHIGHWAVE,CDLHIKKAKE,CDLHIKKAKEMOD,CDLHOMINGPIGEON,CDLIDENTICAL3CROWS,CDLINNECK,CDLINVERTEDHAMMER,CDLKICKING,CDLKICKINGBYLENGTH,CDLLADDERBOTTOM,CDLLONGLEGGEDDOJI,CDLLONGLINE,CDLMARUBOZU,CDLMATCHINGLOW,CDLMATHOLD,CDLMORNINGDOJISTAR,CDLMORNINGSTAR,CDLONNECK,CDLPIERCING,CDLRICKSHAWMAN,CDLRISEFALL3METHODS,CDLSEPARATINGLINES,CDLSHOOTINGSTAR,CDLSHORTLINE,CDLSPINNINGTOP,CDLSTALLEDPATTERN,CDLSTICKSANDWICH,CDLTAKURI,CDLTASUKIGAP,CDLTHRUSTING,CDLTRISTAR,CDLUNIQUE3RIVER,CDLUPSIDEGAP2CROWS,CDLXSIDEGAP3METHODS,ma50,ma200,ADX,ADXR,AROONOSC,DX,PPO,stochK,stochD,TRIX,ULTOSC,MACD,MACDSIG, MACDHIST,TRANGE,BBupperband,BBmiddleband,BBlowerband,ao,apo,bias,bop,cci,cfo,cmo,coppock,cti,inertia,mom,pgo,psl,roc,rsi,rsx,willr,alma,dema,wma,fwma,hma,hwma,jma,kama,mcgd,pwma,sinwma,swma,t3,tema,trima,vidya,vwma,zlma,chop,increasing,decreasingqstick,ttm_trend,vhf,atr,massi,pdist,rvi,ui,ad,adosc,cmf,efi,mfi,obv,pvr,pvt,ebsw,VIX,VVIX,VXN,Market Cap,DPC,Cumulative Return,PriceUp,PriceDown,AD_difference,AD_RATIO
0,0,AAPL,149.1821247824483,149.6899970322024,147.1805544185375,147.7382049560547,58991300,0.0,0,0,0,0,0,0,0,0,0,0,0,0,0,0,0,0,0,0,-100,0,0,0,0,0,0,0,0,0,0,0,0,0,0,0,0,0,0,0,-100,0,0,0,0,0,0,0,0,0,0,0,0,0,0,0,0,0,0,0,0,0,0,142.2608228442563,130.35215294936165,16.74187942071131,20.74715048671653,-14.285714285714286,2.847250457242369,0.700659563975773,71.2525134554327,63.64585623040082,0.1591522583949123,46.24991995241265,1.534322505908051,1.7601473872037308,-0.2258248812956798,2.509442613664902,150.08850059561755,147.89356689453126,145.69863319344495,1.5377642581863995,1.027581630608978,0.0073573055770452,-0.5753946388456598,44.80207777596575,-0.011691363205393,11.36056014119078,3.3686402336266563,0.3374071120575233,55.78494853419188,2.4895172119140625,0.1428504400295021,58.333333333333336,1.7139688148504415,55.68028007059539,56.25963220025646,-46.23978350317536,148.85310626287563,148.42364092836175,148.07498474121093,148.1419717215158,148.1323609014897,144.6330959661766,148.09253986193931,147.3046844916201,146.61926138650128,147.43630933761597,147.6024267738078,147.91082916259765,147.90197587263503,148.31402165403054,147.91082916259765,142.9292148770714,148.21818714171727,148.47744344295225,59.31296441922097,0,1,0.4451282845769128,-1,0.2484044201044566,2.5276385044674297,24.76682992846209,3.764155002720429,48.68433017444583,1.7425932017840255,717093409.73641,17718055.0453403,0.061329934873288,-447052.9483407941,59.86874238499016,2492583900.0,3.0,8679506233.993153,16.790000915527344,108.83999633789062,19.600000381469727,8800447477.678843,0.0024087254060827,1.729642862110853,1,0,-3,0.9594594594594594
1,1,MSFT,302.4131691055376,302.70137944617414,298.5572526056754,300.13739013671875,20006100,0.0,0,0,0,0,-100,0,0,0,0,0,0,0,0,0,0,0,0,0,0,0,0,0,0,0,0,0,0,0,0,0,0,0,0,0,0,0,0,0,0,0,0,0,0,0,0,0,0,0,0,0,0,0,0,0,0,0,0,0,0,0,0,278.93320599093187,243.9527631139559,42.54135018008733,37.797884019416415,57.142857142857146,56.43307910813222,1.6328158993870936,84.03104072661687,88.26641955675859,0.2598344502137806,62.86340656536302,6.01352466707192,5.191912617203512,0.8216120498684081,4.144126840498757,305.8514369270349,300.2089233398437,294.5664097526526,13.658421247157548,4.71208053980115,0.0400270081895977,-0.5491576528446535,105.42464364552276,-0.8611747111347811,41.77476867755985,8.978363852094185,0.918556232016242,54.29644137018425,15.511505126953123,1.9113089575047133,58.333333333333336,5.449787227335601,70.88738433877992,76.56374965596675,-18.07875475596688,290.4315385211556,301.03177476436866,297.62845348011365,299.7309670615029,303.5618224480905,296.2701587287205,302.1696174828453,294.2123662602019,290.30023004944485,294.37643426656723,291.88969364462963,294.8990051269532,293.7020541651009,302.2724271242015,294.8990051269531,285.3031764262138,295.93340029987087,302.5462808415582,40.57193346436895,0,1,1.664955080459015,1,0.4793746417076585,4.344461272346397,25.42515358401528,7.682052509122514,43.90418650029461,0.6018106210507199,551761266.7174413,24802310.30730629,0.2525285882270465,37373257.84508659,66.42121823963232,621125900.0,3.0,1107115484.6526425,16.790000915527344,108.83999633789062,19.600000381469727,6050108102.442295,-0.0023604985617056,1.5939243206114475,0,1,-3,0.9594594594594594
2,2,GOOG,2857.659912109375,2866.260009765625,2848.7900390625,2859.0,641900,0.0,0,0,0,0,0,0,0,0,0,0,0,0,0,0,0,100,0,0,0,0,0,0,0,0,0,0,0,100,0,0,0,0,0,0,0,0,0,100,0,0,0,0,0,0,0,0,100,0,0,0,100,100,0,0,0,0,0,0,0,0,0,2656.95076171875,2205.9004608154296,19.902370161925536,20.971718037698643,28.571428571428573,33.152771952915046,1.0185936914114258,90.56064363666115,82.72487034684777,0.2126263223745539,61.692123889190576,44.90710200640615,40.959370691795,3.947731314611147,18.2900390625,2900.122735444969,2807.193994140625,2714.265252836281,82.95554917279424,28.01737154447119,0.0394120515990863,0.0767080788741842,199.20806628101195,0.8321416166297363,47.21231523338344,4.671749672978612,0.6511566486571397,73.78868371084967,105.2099609375,2.184950517052516,75.0,3.820551292767327,73.60615761669173,68.16914551021995,-4.562030078071666,2763.38835285791,2828.5186572114017,2797.9723588423294,2826.7491514832823,2834.209793738189,2808.970193133249,2830.2320830511326,2765.9051268219755,2754.453492937694,2754.297213077545,2766.787565366795,2768.9083333333333,2779.7016496375,2840.2061880002325,2768.9083333333333,2690.971564150796,2781.105515342652,2840.4257963021714,44.41068554135752,1,0,12.056005859375,1,0.435325436004046,38.82192162824858,25.53722252342677,43.289794921875,79.94276228680208,1.0443886121060082,18049750.34264521,769821.7557528019,0.3229438709006465,10307681.367430393,60.9536273589929,61861500.0,2.0,119025564.66977912,16.790000915527344,108.83999633789062,19.600000381469727,1834331897.583008,0.0094634489795988,1.981074226888571,1,0,-3,0.9594594594594594
3,3,GOOGL,2832.5,2843.7900390625,2827.52001953125,2841.580078125,792400,0.0,0,0,0,0,0,0,0,0,0,0,0,0,0,0,0,0,0,0,0,0,0,0,0,0,0,0,0,0,0,0,0,0,0,0,0,0,0,0,0,0,0,0,0,0,0,0,0,0,0,0,100,0,0,0,0,0,0,0,0,0,0,2599.512001953125,2178.229896240234,23.657015852214663,25.817868499106027,28.571428571428573,32.38181803527607,1.5493656508234614,91.8601094643036,81.04182748514256,0.2933511588645077,62.24831674885386,55.63202903023739,53.62043861404343,2.011590416193961,18.56005859375,2881.8381012290747,2785.966064453125,2690.094027677176,107.46487893497216,42.08256491636621,0.046192544551604,0.5580864920020407,201.98126315940485,1.0221625536762882,46.92371550972346,4.878318365221324,0.6596421302892383,60.57517891663255,116.0,2.160051754948531,66.66666666666667,4.255974753080793,73.46185775486173,65.43668029924788,-1.3917503582388793,2747.2598285581903,2811.3035393456234,2778.1929465553976,2806.8393486396417,2811.9787496545027,2807.842462032197,2810.7535272255104,2732.9176232426184,2722.074733770747,2734.2464385032654,2746.635542473355,2749.542024739583,2767.692408124984,2819.195427819169,2749.542024739583,2656.9254285343727,2762.66807846256,2820.465695356904,45.69426714470331,1,0,12.38203125,1,0.4871948749595613,40.406920124426215,25.537119937068933,30.72998046875,71.9926735397141,0.8484676332514354,15244932.454310635,1198483.3840691634,0.2205563977255095,18882299.15251779,52.201154202675184,74127400.0,2.0,141915272.14666885,16.790000915527344,108.83999633789062,19.600000381469727,2244473000.0,0.0072078100553751,1.9656078932526253,1,0,-3,0.9594594594594594
4,4,TSLA,707.030029296875,716.969970703125,704.0,711.2000122070312,12645600,0.0,0,0,0,0,0,0,0,0,0,0,0,0,0,0,0,0,0,0,100,0,0,0,0,0,0,0,0,0,0,0,0,0,0,0,0,0,0,0,0,0,0,0,0,0,0,0,0,0,0,0,0,0,0,0,0,0,0,0,0,0,0,671.4930017089844,673.3625006103516,14.401090426056356,15.987510632595043,-14.285714285714286,12.314701512009703,1.4216697346857745,88.32461875857238,74.04439568881018,0.2013554335416945,53.89918479203448,8.337186130674809,9.227012583010358,-0.8898264523355497,12.969970703125,727.5473332692517,695.943994140625,664.3406550119984,14.101525699391118,9.786282270382683,0.0331722555386211,0.3215105882352941,55.23133448024664,1.4642248675938605,15.000491657407016,-1.1159950642900127,-0.1997200742125681,49.38224664897925,3.3800048828125,0.5117034494575537,50.0,0.4775232188745315,57.50024582870351,48.52104782273111,-23.06934711355506,698.101494249341,702.0510275805773,695.7152687766335,702.9506289608829,702.3904397983906,692.5199429465052,696.2114144042359,696.4020055247353,689.4543471089405,681.8842704296112,696.4478545044879,688.6119934082033,701.1577294158333,702.4117300167194,688.6119934082031,680.0652095861203,694.5045799271007,705.158419365984,50.694612964287785,1,0,1.82698974609375,1,0.2512103121334872,22.542947188000777,24.559597354745662,23.22991943359375,63.90516613843257,3.819763002495869,1022280260.7051396,3849232.2156472206,0.013934478208314,46777184.58880905,57.1747967324399,2060281600.0,2.0,12904078295.12877,16.790000915527344,108.83999633789062,19.600000381469727,8940818938.476562,-0.0051358746785086,3.570137614958118,0,1,-3,0.9594594594594594
5,5,FB,365.6000061035156,370.8599853515625,365.3999938964844,368.3900146484375,9684519,0.0,0,0,0,0,0,0,0,0,0,0,0,0,0,0,0,0,0,0,0,0,0,0,0,0,0,0,0,0,0,0,0,0,0,0,0,0,0,0,0,0,0,0,0,0,0,0,0,0,0,0,0,0,0,0,0,0,0,0,0,0,0,352.4528442382813,303.5528762054444,14.53687427797544,18.02802623313381,28.571428571428573,19.281734806610583,0.1782335014214552,85.73629419387544,71.30100193326577,0.1139724919883011,54.29322645119304,3.0589602486422223,3.088367172771892,-0.029406924129669,5.459991455078125,371.66984219529326,362.3480041503906,353.026166105488,4.307902347340303,0.643333826309572,0.0206123091046184,0.5109913756965676,166.7876267262122,1.2451791026130816,21.102232372360515,1.4914058358809474,0.2374642915574191,52.56779051825565,8.430023193359375,0.8950628302235202,58.333333333333336,2.341933379674344,60.551116186180266,52.60902870081355,-12.436921072203477,362.316372442231,364.34358088938666,362.29709639115765,364.6395891096208,363.910411302985,362.5018250134724,362.2825863449816,357.4093680149983,359.90234658683295,358.1927962899208,360.9726198727731,360.07600301106766,361.7410231001502,365.1272323673252,360.0760030110677,345.8246376615433,361.5781819360658,365.4543679333737,54.93379989275602,1,0,2.0214996337890625,1,0.3052682486772771,7.032393863994881,24.66960286713892,8.219970703125,59.24089205092279,2.494871908981084,142887105.67124602,5712656.821855634,0.0034402555837051,9481015.084285207,56.040410683134766,568493070.0,1.0,2005066753.7516155,16.790000915527344,108.83999633789062,19.600000381469727,3540660205.509613,0.005334659907249,1.5899800044434578,1,0,-3,0.9594594594594594
6,6,NVDA,217.2221254082945,224.547140878484,217.0722335477595,221.97889709472656,34770100,0.0,0,0,0,0,0,0,0,0,0,100,0,0,0,0,0,0,0,0,0,0,0,0,0,0,0,0,0,0,-100,0,0,0,0,0,0,0,0,0,0,0,0,0,0,0,0,0,0,0,0,0,0,0,0,0,0,0,0,0,0,0,0,197.0246772306839,154.70871692695064,19.8911585387207,20.93099709894348,28.571428571428573,41.1669341478249,1.664305192314353,95.18580636558043,92.44011324391762,0.2180321100549775,62.92571018602776,5.41740570171612,3.2823955829255262,2.135010118790594,7.47490733072442,230.8843007784739,213.01099548339843,195.1376901883229,12.15990480524809,3.3367024935208747,0.1072027899890308,0.6363653054105517,176.5206683476899,1.230513015728028,37.65094551174678,9.222519134778333,0.7267923116835467,50.61245547617197,25.12289428710937,2.7766566339485887,50.0,12.762066652171832,68.82547275587339,64.9680258863087,-6.930939276708726,198.4100909893942,215.33634297402023,209.23829123757105,215.6821291196597,219.95876022492263,210.02476466252608,219.24828418810287,203.87039697540465,201.32624206563577,199.1854814589024,201.23070934355704,202.22567087809244,202.6537901968044,219.2993611532778,202.22567087809244,198.03980618632963,206.48416574795883,219.8918057140797,37.90212808423813,1,0,2.076584708390135,1,0.3605509226941513,7.184011559023538,25.51060913675772,10.752655847972278,60.462001744412056,3.532316016232471,1102276022.710381,53553235.62089503,0.3057787800813611,177094961.90939847,69.32379439085345,2306273500.0,1.0,5168164863.252137,16.790000915527344,108.83999633789062,19.600000381469727,7552835022.658942,-0.0007355304210279,2.3784069002962265,0,1,-3,0.9594594594594594
7,7,V,233.75952583668143,233.75952583668143,230.85494120937665,231.3622436523437,5277100,0.0,0,0,0,0,0,0,0,0,0,-100,0,0,0,0,0,0,0,0,0,0,0,0,0,0,0,0,0,0,0,0,0,0,0,0,0,0,0,0,-100,0,0,0,0,0,0,0,0,0,0,0,0,0,0,0,0,0,0,0,0,0,0,237.06365560718547,220.2124282868708,18.60159545040344,18.364364402580584,-64.28571428571429,16.03883028356207,-2.259272804852104,67.08957017588168,60.15925975880217,-0.1282772745426208,46.12204920897337,-2.0656106588215266,-1.6623685453267103,-0.4032421134948163,2.904584627304814,233.98745244211548,231.5512542724609,229.1150561028064,-7.0544316699333365,-5.369515052208527,-0.0265220973012985,-0.8253442374519966,-37.46328740883487,-0.094114885526042,-16.18484063768629,-6.34901976303122,-0.4260082821098632,33.23598052844608,-2.138656616210937,-0.4916071339063768,33.333333333333336,-0.9159093664098172,41.90757968115685,34.38662826691326,-72.40042674595215,232.1433323059765,230.801934587877,231.78021711869675,231.8514037232299,231.76348473133424,225.38287799930345,231.59679914411635,234.2379432799863,234.01948910545823,231.32392531633377,232.6370130946095,231.6447550455729,231.66207780855584,231.1949866329217,231.6447550455729,234.25324579264264,231.7977262884104,231.7522255413808,47.33513755065543,0,1,-0.0805706262070202,-1,0.3177824841641142,3.5656288506411267,24.90968115220795,4.167872867890878,39.83990495993453,5.029552525176186,-194856101.8596117,-547023.2573655844,-0.1072730316688823,-2466557.2196538104,47.46032928944764,95592800.0,3.0,-69636262.27116492,16.790000915527344,108.83999633789062,19.600000381469727,1233572393.7927516,-0.0001701423310257,1.213185619789901,0,1,-3,0.9594594594594594
8,8,JNJ,172.32604901686116,172.53201974529225,170.56051079717125,170.8939971923828,5700300,0.0,0,0,0,0,0,0,0,0,0,0,0,0,0,0,0,0,0,0,0,0,0,0,0,0,0,0,0,0,0,0,0,0,0,0,0,0,0,0,0,0,0,0,0,0,0,0,0,0,0,0,0,0,0,0,0,0,0,0,0,0,0,166.09026278031632,157.685826574544,31.08768681195644,28.90826878717188,85.71428571428572,2.0624632838048376,1.3818096427173767,27.377636012699195,53.120180751730736,0.1883024207178563,48.51696748810381,1.9010811720213208,2.077794290789651,-0.1767131187683297,1.9715089481209984,176.2953800277196,173.24318237304686,170.19098471837412,4.726639174781354,2.34996404403293,0.0048790908208542,-0.7263734845551711,-19.52161386473589,-1.0918293601299067,5.910750246804188,4.984921604919877,0.4976370070249855,67.88540899240691,1.42877197265625,-0.5795003415162879,66.66666666666667,0.8431062896849362,52.95537512340209,64.22754196082704,-62.677479573705824,172.72289963347853,173.27939216617116,173.07146162553266,172.3947098738664,173.11844369907897,174.38688140898842,173.04580291807065,172.2844929286719,170.87737515486813,173.9356400668621,172.41499313992955,173.5535146077474,173.27231600717766,172.67084621880642,173.5535146077474,169.2155359908016,173.06067569524254,172.74063102588195,45.86138427269312,0,1,0.2064376043631057,-1,0.4716295800392303,1.847685486202295,24.62793956451449,2.80521577221856,46.202180428779336,0.9004818027136207,-19944027.967898715,-1812099.2904353533,0.0722894469741135,-1431540.5837244005,54.74017189466443,163068500.0,4.0,100321024.12706098,16.790000915527344,108.83999633789062,19.600000381469727,982310177.2108136,-0.0073451176349476,1.2208124566866163,0,1,-3,0.9594594594594594
9,9,UNH,417.77156204550727,419.52443881295153,415.39477127976784,415.6819458007813,1939000,0.0,0,0,0,0,0,0,0,0,0,0,0,0,0,0,0,0,0,0,0,0,0,0,0,0,0,0,0,0,0,0,0,0,0,0,0,0,0,0,0,0,0,0,0,0,0,0,0,0,0,0,0,0,0,0,0,0,0,0,0,0,0,407.0954120000643,370.4737284011449,16.680350836705355,16.39632035878133,42.85714285714286,6.438161633352498,0.4381158796824987,55.04569448538903,71.57020323889311,0.0874388697557071,56.95531494701721,3.2243291263801552,2.5452499215107327,0.6790792048694225,4.129667533183692,428.0072638977544,421.1109558105469,414.2146477233394,8.631730137736895,1.8062732403095083,0.0082464673032303,-0.5060010831223174,41.48413747809462,-1.62767665255504,5.996476221183646,3.6877640472496056,0.7806618121049751,52.13169833479973,11.88397216796875,0.3636044336435772,50.0,2.943048985871144,52.99823811059182,61.79765891304601,-42.94165359812596,410.07227446739705,419.77753651520703,418.40500932173296,418.47095110699854,422.87413490376576,415.6693918115689,421.7687696096274,412.83563953516193,413.689382760548,419.10688585042953,413.2669769934864,417.64215596516925,414.6167381866605,420.49081360443887,417.64215596516925,405.1801198518698,416.4842873922195,420.3607619896406,44.086731098616205,0,1,1.3884443572660985,-1,0.212204989012762,6.254016734384543,24.713624637160347,7.714654578868476,39.006662174349565,2.071666625599461,-13266012.688532066,-174059.00476086512,0.0611366514757371,621299.0032372058,47.24786588370134,119947600.0,3.0,225021105.9447632,16.790000915527344,108.83999633789062,19.600000381469727,810059058.8062385,-0.008624749425693,1.4175541150271391,0,1,-3,0.9594594594594594
10,10,XOM,53.3632102399877,53.875202191964426,53.00577841965293,53.57573318481445,13270300,0.0,0,0,0,0,0,0,0,0,0,0,0,0,0,0,0,0,0,0,0,0,0,100,0,0,0,0,0,0,0,0,0,0,0,0,0,0,0,0,0,0,0,0,0,0,0,0,0,0,0,0,0,100,0,0,0,0,0,0,0,0,0,56.38258346155963,50.295220277327736,17.81018879027,16.931703873744453,-35.714285714285715,10.325603703998905,-1.28421820044225,81.14611129409063,56.3704305909507,-0.2414155199331413,50.857987325257504,-0.8998234393108149,-0.892106484355856,-0.0077169549549588,0.8694237723114924,54.79818568111801,52.39718322753906,49.99618077396011,-2.403813279661854,-0.6974853857969592,-0.0135573725410591,0.2444411477980731,-15.52766753323814,2.2514711966746663,-8.359637159261654,-7.286718692259802,-0.6754483493268221,51.76371215410427,-1.9513664245605469,-0.153026936830559,50.0,-3.5142595926819897,45.82018142036917,35.766049819198514,-40.9489973090271,54.25103385292683,52.69237948334576,52.87808733853427,53.08231745899974,52.3637560911886,53.23977666324541,52.39554745440197,53.615233912840296,53.64006797862189,52.276466719806194,53.67348858026133,52.758475367228186,53.27757914537375,52.787327804581246,52.758475367228186,55.01828809271178,53.104377148110174,52.884668647472864,42.64248312796191,1,0,-0.0367094011940856,1,0.2448373679374744,1.29672854460778,23.70176835038208,1.642244151068297,69.46560446988953,4.339322569998466,-318511024.5674549,4187659.4770165086,-0.0276209444258177,-1176146.3147111563,41.94154392492301,-169172500.0,2.0,1947513888.5424,16.790000915527344,108.83999633789062,19.600000381469727,708145808.8477088,-0.0009042641984643,1.271283581314701,0,1,-3,0.9594594594594594
11,11,JPM,155.46934139152145,158.67661808198298,154.7729695049535,157.83311462402344,11335000,0.0,0,0,0,0,0,0,0,0,0,0,0,0,0,0,0,0,0,0,0,0,0,0,0,0,0,0,0,0,0,0,0,0,0,0,0,0,0,0,0,0,0,0,0,0,0,0,0,0,0,0,0,0,0,0,0,0,0,0,0,0,0,150.85382994092942,141.6068505645577,13.863781829278569,13.42495899525036,35.714285714285715,23.312712190666087,1.9092389078894805,79.12872105296661,57.59395604483805,0.1066466447723124,59.33637708427907,1.0656856666197427,0.9166951464634492,0.1489905201562935,4.031156045850167,158.52425398894346,153.84903564453126,149.17381730011903,1.6839478132123702,2.906362484662964,0.0368325526625106,0.6055292083440308,86.07632383374377,2.305493110445783,22.91611623446212,4.956202581426501,-0.4452937251380471,46.58649408617305,-0.2353973388671875,0.94159935182689,58.333333333333336,-0.1489210823484299,61.458058117231054,52.57203901324091,-15.49139209729537,156.00231430301517,155.30399842719112,154.34550614790484,155.25884657639722,153.85033361260213,158.3808728151834,154.15488930276422,154.0115119191077,153.28482648586893,152.8157737851143,154.9244075118629,153.69798787434894,155.01384651859655,155.32439745984186,153.69798787434897,153.06575484873056,154.88659282412746,155.09068451487863,55.026659506455,1,0,0.268739985552915,1,0.321824029405008,2.863195208685378,23.68584573017315,6.267403276945686,57.18170618424185,2.466386821910845,-68520371.32625775,6656456.960120261,0.1454614393939689,6378452.438375032,59.95006094405062,190497800.0,1.0,1095700897.008013,16.790000915527344,108.83999633789062,19.600000381469727,1762244984.6728957,0.009617776122347,1.645551973762293,1,0,-3,0.9594594594594594
12,12,PG,140.63594056917236,140.6949173822899,139.82988412539393,140.24273681640625,3861500,0.0,0,0,0,0,0,0,0,0,0,0,0,0,0,0,0,0,0,0,0,0,0,0,0,100,0,0,0,0,0,0,0,0,0,0,0,0,0,0,0,0,0,0,0,0,0,0,0,0,0,0,0,0,0,0,0,0,0,0,0,0,0,136.24969337402214,131.83812497701055,35.41185479345706,34.074879565045705,71.42857142857143,14.267451979723342,1.0859090293827387,20.041739540137893,40.7895774722433,0.175185662985311,43.04646322160905,1.3507099560626443,1.6134121543542972,-0.2627021982916528,0.9141649468716936,143.5145389335821,141.6051513671875,139.6957638007929,2.961387333637504,1.5175836025140086,0.0035088278629238,-0.4545533361076308,-57.48072593438344,-0.6379876277301529,6.6229599587384005,2.757165501940766,0.3192371778228535,72.40377420768891,0.0491485595703125,-0.460045514504587,66.66666666666667,0.0350576372153854,53.3114799793692,58.198676070057495,-69.53757271644876,141.5336051269763,141.57952763746275,141.47611167214134,141.05118704842522,141.3814362497031,142.33805249495916,141.61568127087244,139.82050009352272,140.1743586992941,141.98142859339714,141.29554673897016,141.79781646728514,141.98739244527042,141.06655359924156,141.79781646728514,137.91044948426864,141.5994382306725,141.18421624574174,51.337104762037946,0,1,0.1022329716824032,-1,0.2939302883486997,1.5229754712529735,24.623120225229467,1.4449712641190902,54.3916786830503,0.9759373452431394,-152439623.43213853,-2558728.642099172,-0.0742346490162599,-182562.90840478853,58.20285192973596,141708600.0,4.0,55288041.21181248,16.790000915527344,108.83999633789062,19.600000381469727,543065684.5078591,-0.0065271958210562,1.2414713024042905,0,1,-3,0.9594594594594594
13,13,MA,360.5290992427615,360.9673622762727,357.0827857491836,357.680419921875,2340400,0.0,-100,0,0,0,0,0,0,0,0,-100,0,0,0,0,0,0,0,0,0,0,-100,0,0,0,0,0,0,0,0,0,0,0,0,0,0,0,0,0,-100,0,0,0,0,0,0,0,0,0,0,0,0,0,0,0,0,0,0,0,0,0,0,371.70584558480806,357.06902251629486,24.64780922031497,20.37371849715441,-71.42857142857143,24.56244776594507,-2.7205110711934823,57.84699758771719,46.066495587871344,-0.1820963672293674,44.50577281925916,-4.722432396922386,-4.033103822794221,-0.6893285741281652,3.884576527089166,362.3463184829181,357.4194702148437,352.4926219467694,-14.078155158611937,-10.071435586000064,-0.0338283613716113,-0.7333307249892309,-56.540169178179454,0.1678235408191032,-19.23351370797321,-7.799572043969866,-0.6970736769461356,37.9138463209833,-5.11968994140625,-0.540355890898193,33.333333333333336,-1.4111599754850102,40.38324314601339,27.60621343811516,-73.97385465263072,361.13045071455406,356.33747845414774,358.5718078613281,358.38093919020434,357.2391142565654,347.0142881671169,357.5856216500195,361.13770167014366,363.1290849548097,358.2609697580337,360.8997443504645,358.84349060058594,358.8121772420802,356.89464682775423,358.84349060058594,365.9296312619417,359.0633440007977,357.56732202823497,47.98659771603376,0,1,0.1424400683844908,-1,0.3062090264706589,6.695105576977476,23.96615113693106,5.099719460428332,39.67834167299191,5.86913014063434,-12548446.0032261,-969101.1073573512,-0.0504965572908714,-2103155.761597568,33.28684078952671,30408600.0,4.0,35978020.44747872,16.790000915527344,108.83999633789062,19.600000381469727,843782303.8677589,-0.0029475329631386,1.1940106250767537,0,1,-3,0.9594594594594594
14,14,CVX,94.3345664069661,95.79004725281818,93.8494061250154,95.5862808227539,9342300,0.0,0,0,0,0,0,0,0,0,0,0,0,0,0,0,0,0,0,0,0,0,0,0,0,0,0,0,0,0,0,0,0,0,0,0,0,0,0,0,0,0,0,0,0,0,0,0,0,0,0,0,0,0,0,0,0,0,0,0,0,0,0,97.84603674125816,93.55631790541258,21.22167256658737,21.408285307667445,-35.714285714285715,15.8229821404452,-0.600567259193442,74.71891734002571,51.054084230081294,-0.1240919914547777,53.78125114025322,-0.9760295322001298,-0.8609808274065615,-0.1150487047935683,1.9406411278027773,96.88894992418597,93.47486419677736,90.06077846936873,-2.9831248123422824,-0.5771861443152773,-0.0054163417537095,0.645000457763673,-21.404401293761783,2.417471763574719,-3.4528685732710285,-5.703710920937643,-0.6943622089172884,52.64051579496636,-2.8835983276367188,-0.0580129366878425,50.0,-2.9284064858378422,48.27356571336449,36.22551508368269,-37.3369339729607,96.80904706713471,94.09521429167854,94.34364055286754,94.58157999532206,93.1732295951616,95.81919228099471,93.40464837940762,95.31183908857062,95.33179333330928,93.59717200696468,95.64807767744628,94.29265797932942,95.33262326324,94.03985041105368,94.29265797932942,97.15781457355806,94.56717001085126,94.15415813118312,43.15626293872573,1,0,0.0648442484551353,1,0.2164402563585612,2.1217948833147697,23.821776171968303,3.23116628880868,70.32310688173274,3.589191266154376,-41840237.123929486,3621339.885866121,0.0017683248182954,-1325179.679506947,52.37135639306191,18872600.0,1.0,389585674.14982384,16.790000915527344,108.83999633789062,19.600000381469727,881301819.7437994,-0.0028718289570009,1.1280023539411468,0,1,-3,0.9594594594594594
15,15,WMT,146.71205730910245,147.57209888542403,146.3364000301507,147.25576782226562,7307100,0.0,0,0,0,0,0,0,0,0,0,0,0,0,0,0,0,0,0,0,0,0,0,0,0,0,0,0,0,0,0,0,0,0,-100,0,0,0,0,0,0,0,0,0,0,0,0,0,0,0,0,0,100,0,0,0,0,0,0,0,0,0,0,140.59358088581462,139.14935377055994,43.10649136560837,31.917833154183626,64.28571428571429,27.32844104054973,2.66943282176982,32.87783000861398,46.96683072571656,0.2557156193041532,44.31336065893028,2.247642123892007,2.3240983957401715,-0.0764562718481647,1.2356988552733128,150.15563980613734,148.25816040039064,146.36068099464393,5.2203433044360565,3.8481483459472656,0.0215026669480136,0.4400024414062587,-16.534216804369237,-0.4268068156731936,21.33508902813173,8.783826940276814,0.2574944589220763,57.48757105421236,-0.4942779541015625,-0.0333517605365943,58.333333333333336,-0.3345365827159829,60.66754451406587,67.72126703821993,-44.28668932445916,148.2222431328628,148.75581113651887,148.1540946266868,147.8156470452155,148.10865148680156,150.64626208446902,148.25699046634205,147.63891870718874,145.52854870059667,148.49268329143524,147.81462900662623,148.3870071411133,148.5767460439107,148.1640568616982,148.3870071411133,144.54836093009646,148.34397743313343,148.13601408270296,49.88413479158056,1,0,0.0741419230510416,-1,0.4603384557069981,1.959857320526032,25.595169471771708,2.4120715386716256,53.71511801866821,0.7298157555759522,-143286807.6960567,-2158348.051260412,0.0004790331092427,1645562.0183137276,66.31143649729715,34421000.0,1.0,551754761.2273976,16.790000915527344,108.83999633789062,19.600000381469727,1072039673.9633424,-0.0138870191506381,1.2507973660280975,0,1,-3,0.9594594594594594
16,16,HD,317.2517006051605,319.6104165535342,316.23382466583314,316.9874572753906,2586900,0.0,0,0,0,0,0,0,0,0,0,0,0,0,0,0,0,100,100,0,0,0,0,0,0,0,0,0,0,-100,0,0,0,0,0,0,0,0,0,100,0,0,0,0,0,0,0,0,100,0,0,0,0,-100,0,0,0,0,0,0,0,0,0,315.3874430339392,289.56101829234814,16.841815683814225,19.36581685136767,-28.571428571428573,4.67046578945007,-0.1187794787684472,61.16380674698565,62.751532927029785,0.0572988827716614,41.2259199709904,0.2508921194130948,1.3494628754101368,-1.098570755997042,3.376591887701068,323.47176889775113,318.8000427246094,314.12831655146766,-1.23237216489008,-0.3821305495042111,-0.0146926227134472,-0.0782574082264367,-66.00606578348489,0.0244965403217834,-6.5778391992668,-2.5029636805946884,-0.6432516295255918,51.29430951568845,-12.840789794921877,-0.7881546880647425,50.0,-3.893174677723854,46.7110804003666,42.916363751517686,-66.86412505998916,323.01582116780025,318.2277271985701,318.87478249289774,318.3320615541685,318.28537061280304,315.0386618897293,318.5001760134839,319.1999352531655,319.8318748788207,317.7475401759148,321.60588747815666,319.0923594156901,321.9278051251488,317.07248919373035,319.0923594156901,315.42229430588225,318.7996921611028,318.88413256379823,55.41381371606819,0,1,0.4648855761621234,-1,0.2086314362511567,5.838378727033259,25.85183616666627,7.222957613909216,40.067137967874,2.797219209065851,49287971.54329974,-790490.5682434663,-0.0452743526726344,-5983205.730832104,42.15906133855234,63920700.0,3.0,15530400.529596107,16.790000915527344,108.83999633789062,19.600000381469727,820698424.2954898,-0.0140223669470052,1.331745170118393,0,1,-3,0.9594594594594594
17,17,PFE,46.88032952105668,47.114533907473096,45.79712399669883,46.36312103271485,51036800,0.0,0,0,0,0,0,0,0,0,0,0,0,0,0,0,0,0,0,0,0,0,0,0,0,0,0,0,0,0,0,0,0,0,0,0,0,0,0,0,0,0,0,0,0,0,0,0,0,0,0,0,0,0,0,0,0,0,0,0,0,0,0,41.39109160976389,37.09892924590818,64.64593548374012,57.25689335633568,57.142857142857146,35.86919665824942,6.180157152746547,21.116235749803806,27.580554174764245,0.7306297871479295,41.52789869547869,1.8502745495963,2.000979167163525,-0.150704617567225,1.4150036888480455,49.01418163742827,47.49317092895508,45.97216022048189,4.754015407706753,2.7557180111224824,0.0397702991289525,-0.3925949578122297,-27.8431982782584,-2.022037965475976,14.589816581925804,18.148715271904287,0.3303931449095238,57.27062242830031,1.1710281372070312,-0.514445001854285,50.0,2.5912235131810624,57.2949082909629,63.06064989073954,-60.16603928231158,47.569233947531565,47.9898516626394,47.60353164672851,47.23443768908093,47.50260444024676,50.00761704691982,47.291161839500624,46.62561558583554,44.73703742999536,48.05797674506903,47.27166116319884,47.88546676635743,48.11093145181008,47.4265234840128,47.88546676635743,44.81623648461743,47.8234440081539,47.38935156504585,44.17917507829038,0,1,0.0975860211698304,-1,0.4885730331991626,1.338409873235331,28.93894934969596,2.449409497696891,44.716324339061394,2.6464526717928827,-315894353.58038926,-50949680.31934497,-0.0154199037638592,-377067.2430907395,71.1985774588012,652676153.0,4.0,3770451919.812567,16.790000915527344,108.83999633789062,19.600000381469727,2392622001.7002654,-0.0341778511694464,1.4946322644084395,0,1,-3,0.9594594594594594
18,18,BAC,40.81328842171696,41.58723310095202,40.69572838726547,41.29333114624024,51219900,0.0,0,0,0,0,0,0,0,0,0,0,0,0,0,0,0,0,0,0,0,0,0,0,0,0,0,0,0,0,0,0,0,0,0,0,0,0,0,0,0,0,0,0,0,0,0,0,0,0,0,0,0,0,0,0,0,0,0,0,0,0,0,38.9957945964746,35.50035543143978,17.265662209751174,16.898212521193457,100.0,28.873327213055223,3.668130964181256,79.04354802387525,56.64924602500988,0.1859575327455065,56.715847500908126,0.525745777142788,0.4018937346293247,0.1238520425134633,0.950285469116082,41.60246403782887,40.18629608154297,38.770128125257074,1.3812849933220337,1.4311427091940845,0.058380450940568,0.5384634732195632,117.4504077617468,2.195335605461737,27.0784530607347,11.05259108839312,-0.2910177607028722,50.288355053677805,0.1959381103515625,1.054659817800918,58.333333333333336,0.476765302802673,63.53922653036735,61.27756215562972,-10.067092620464445,40.60399143730604,40.738881794862486,40.31668222600764,40.60920163134595,40.26179129474895,42.10269029613299,40.30322724177093,40.03121055892523,39.58422109460221,39.87128745019436,40.334833619143865,40.096818669637045,40.42444909052182,40.74830625718414,40.096818669637045,39.64972533664776,40.3483045530149,40.60453662246958,53.78059419804971,1,0,0.1126632300995931,1,0.3741930423559255,0.8748751221528679,23.80471128031034,1.4793074927308536,55.78711673340253,2.2843960197581854,703978088.2209983,22484123.61228872,0.1630332394772462,8510118.294575524,65.59774820722556,1877945300.0,1.0,4529696734.067241,16.790000915527344,108.83999633789062,19.600000381469727,2090452551.6315007,0.0136253098599645,1.7053603453232589,1,0,-3,0.9594594594594594
19,19,LLY,259.9645895327589,261.6859376154576,258.490562964959,261.0429077148437,2388500,0.0,0,0,0,0,0,0,0,0,0,0,0,0,0,0,0,0,0,0,0,0,0,0,0,0,0,100,0,0,0,0,0,0,0,0,0,0,0,0,0,0,0,0,0,0,0,0,0,0,0,0,0,0,0,0,0,0,0,0,0,0,0,240.8981504239744,196.30989669490208,58.39381445372157,56.9662242564242,50.0,31.927125331641804,3.736282920793183,17.574202089331134,30.894388835003813,0.5073831584778921,44.82375722733786,7.09274277389946,8.43708377619316,-1.3443410022937012,3.195374650498593,270.85943089974785,264.2917419433594,257.72405298697095,15.514216210335777,9.520825312687805,0.0244176588235482,0.3374622071050687,-86.93225950070622,-0.7648583511790744,18.054519807886845,8.943565554146694,0.0179109396550124,74.2271686849534,0.613311767578125,-0.5275398598552593,66.66666666666667,0.2355000265416462,59.02725990394342,60.07136079919149,-75.14499482549091,264.62108222236685,265.3997981644029,264.4111749822443,262.78046294525785,263.0944794009467,273.14349835080515,264.30035012528754,263.1265775607647,255.6727126064668,267.0251809954643,264.6843558293697,265.9089019775391,268.2096561689667,262.6492012245808,265.9089019775391,253.56099883150293,264.27647423641656,262.8562396687088,60.1598923124699,1,0,0.3373409932815718,-1,0.5116701741344355,5.476691859919352,26.77001984916295,5.322339255186876,68.37045985186396,1.7075365892257015,-3019974.268726941,-1173264.5765206518,0.0205298515913575,-863359.0179901621,39.6323954739723,78316800.0,2.0,733242858.1421453,16.790000915527344,108.83999633789062,19.600000381469727,620925422.0989946,-0.0128475116273453,1.7686419048516937,0,1,-3,0.9594594594594594
20,20,KO,54.792492906296935,54.90000269042039,54.469952368584,54.80226516723633,11270700,0.0,0,0,0,0,0,0,0,0,0,0,0,0,0,0,0,100,0,0,0,0,0,0,0,0,0,100,100,100,0,0,0,0,0,0,0,0,0,100,0,0,0,0,0,0,0,0,100,0,0,0,0,100,0,0,0,0,0,0,0,0,0,54.527812487564645,51.61006240505165,18.63228554627977,20.27118432469285,-42.85714285714286,23.167394570045463,-0.0338810049564665,21.619708720396105,30.69275412417701,0.0692159908540768,43.467456519508616,0.1048930216318737,0.2711449548335448,-0.1662519332016711,0.43005032183639,55.76617408771373,55.12871170043945,54.49124931316518,-0.0688768428814512,-0.0187957959297335,-0.0121430213979516,0.0227235289527592,-183.96259768957665,0.0939326507148191,-9.96086553150857,-0.6143582847549586,-0.6387854364909773,54.70863776440844,-0.6450767517089844,-1.0934259069959575,50.0,-1.163404284829339,45.01956723424571,41.22132483995856,-81.42076373756434,55.86250509481691,55.07013879568632,55.25470615733754,55.00724218942069,54.84053952380267,55.37563637291221,55.05422305209975,55.30607361707996,55.2441387365512,55.52383306622505,55.55828586224527,55.50370356241862,55.62625386681219,54.84477718517617,55.50370356241862,54.6393226695007,55.39306447029702,54.90075381023246,53.044015300995184,1,0,-0.0302996029529664,-1,0.2190233951779379,0.5718858436039209,24.28041130673,0.8992032775557135,49.56957283504552,1.3760293412080546,-79620150.76910813,-6962322.914506078,-0.1329290173749134,-1167805.380254784,41.39358789476936,387362400.0,2.0,375595248.9299166,16.790000915527344,108.83999633789062,19.600000381469727,617549749.7990009,-0.0102400346044924,1.2212805021034134,0,1,-3,0.9594594594594594
21,21,ABBV,116.22027821939758,117.71351477829393,115.26034307357742,116.74388122558594,5241100,0.0,0,0,0,0,0,0,0,0,0,0,0,0,0,0,0,0,0,0,0,0,0,0,0,0,0,0,0,0,0,0,0,0,0,0,0,0,0,0,0,0,0,0,0,0,0,0,0,0,0,0,0,100,0,0,0,0,0,0,0,0,0,112.10973994177112,104.66778956386626,14.94508237388295,15.278737805142036,78.57142857142857,20.5692964518969,0.4919304639683716,78.954834788566,73.42596350796914,0.0798814164153727,55.37499068423468,1.0251808948544578,0.655694804001424,0.3694860908530338,2.4531717047165102,117.2271279238288,115.6171646118164,114.00720129980402,2.0827005447005007,0.5585964887570043,0.0281101441322089,0.213439200028952,105.47339111839466,0.3062042895804233,27.624325013117524,5.6108001931477824,0.8838507194382869,70.50686301437628,6.477149963378906,1.8483136515724088,83.33333333333333,5.874074518429917,63.81216250655877,65.09695435957748,-11.792453833408915,113.8899269990395,116.10143282716184,115.37299374667082,115.9502043290572,116.23009030120146,114.62207296780008,115.83513626933949,114.02481032701424,113.86811425138336,114.74863003194332,113.7068347516933,114.79459228515626,113.83087057449364,116.66289125270043,114.79459228515624,112.30986031710472,114.78684366518944,116.32864172713062,42.816631132024646,1,0,0.5769331356274308,1,0.2559383967738075,1.7661674014762736,25.436779546435663,4.557272773032878,83.81563513439492,2.3712957399605483,-19686932.62969106,2484075.6457123533,-0.034077603525173,1898388.260905021,50.45791858799874,136071800.0,1.0,258364388.93557665,16.790000915527344,108.83999633789062,19.600000381469727,609122100.1756847,0.0011693731874908,1.33065050074767,1,0,-3,0.9594594594594594
22,22,AVGO,471.8370232665241,476.4420138930805,471.8370232665241,473.6398315429688,1001700,0.0,0,0,0,0,0,0,0,0,0,0,0,0,0,0,0,0,0,0,0,0,0,0,0,0,0,0,0,0,-100,0,0,0,0,0,0,0,0,0,0,0,0,0,0,0,0,0,0,0,0,0,0,0,0,0,0,0,0,0,0,0,0,467.1232062396192,441.6346528221377,11.933328070196955,11.122798619758573,-71.42857142857143,4.219209457777728,-0.247066225721204,83.8850879465615,70.67240858920663,0.0326323043556842,53.432299698047856,0.6958998524649473,1.2981275788687132,-0.6022277264037659,4.742184791518014,477.4316493965978,469.5129638671875,461.59427833777727,-2.080149083166191,-1.1664491311097436,0.0032191066850602,0.3914901077209731,47.596436898546656,0.9926238922433,7.790622789980203,-2.259125472734418,-0.2880978089527903,57.55439624313659,-0.137176513671875,0.2491681578442929,66.66666666666667,-0.0289538139967016,53.895311394990095,42.900557976998506,-21.13258956771769,473.5441895409076,470.4179618216879,469.8453774192117,471.2627115316324,469.9596947256155,470.0833303766803,468.92603979977207,466.414974506196,470.50899232292886,465.9671320915222,470.9565230785621,468.4227854410808,471.4687368745047,470.4940345945112,468.4227854410808,461.51895517816143,469.6149525044603,471.5990181673971,52.80980824866953,1,0,1.0562214985293337,1,0.2390419712473413,7.8710775994563535,23.61761144774653,7.5443671416297775,63.94159864915407,1.7466138446531494,44773070.78204551,454012.3200824559,0.1232220510392383,329043.3808584104,47.80464732430272,79949200.0,1.0,125839174.30544163,16.790000915527344,108.83999633789062,19.600000381469727,472639146.2060772,-0.0017205162574719,1.63489715429208,0,1,-3,0.9594594594594594
23,23,PEP,151.21345717882377,151.5151809324785,150.0454880333882,151.05772399902344,3346700,0.0,0,0,0,0,0,0,0,0,0,0,0,0,0,0,0,100,100,0,0,0,0,0,0,0,0,0,0,0,0,0,0,0,0,0,0,0,0,100,0,0,0,0,0,0,0,0,100,0,0,0,0,-100,0,0,0,0,0,0,0,0,0,148.87790486402162,139.592072738443,22.39747662970353,24.979941670650334,71.42857142857143,9.471366241586123,0.2421784755606834,26.03190910513187,45.90763109252643,0.1048627820716685,46.46068286623945,0.9092707908841078,1.1617383983065457,-0.2524676074224377,1.6838363074321023,155.84766618963835,153.0432861328125,150.23890607598665,1.5642254267053204,0.3682943490835271,-0.0066931678212321,-0.1059630756171794,-60.98924243071295,-0.8788723082835792,-2.8040239468023658,2.0417729571355845,0.3760886805777212,58.67941329492725,0.155731201171875,-0.6555222515048067,50.0,0.1032002283631206,48.59798802659881,56.57654821657553,-73.95669564206153,152.7199179352628,152.63767624635415,152.80933560458098,152.2156980287779,152.75377274329642,151.99538584742928,152.6630346154128,152.5641865418391,151.85194473909007,153.54974538087845,152.48823741277525,153.25546468098958,152.78769343870567,152.27852195358545,153.25546468098958,150.3763098358295,152.97827335715613,152.34505601814757,50.46623231568983,0,1,0.144052440873952,-1,0.2285979119626341,1.662597201347968,24.66968554661835,3.299519780376784,35.63873746414945,1.5516424968241451,19121202.818369027,-1184824.0519709066,-0.0939273861513144,-643247.931354811,57.57168593747192,169361800.0,4.0,108958026.44376253,16.790000915527344,108.83999633789062,19.600000381469727,506066077.14036953,-0.0151506416711578,1.192152947781572,0,1,-3,0.9594594594594594
24,24,MRK,75.72055383443781,75.72055383443781,74.34842064009952,75.00042724609375,7045800,0.0,0,0,0,0,0,0,0,0,0,-100,0,0,0,0,0,0,0,0,0,0,0,0,0,0,0,0,0,0,0,0,0,0,0,0,0,0,0,0,0,0,0,0,0,0,0,0,0,0,0,0,0,0,0,0,0,0,0,0,0,0,0,75.01950754551488,72.5173808160912,19.765073155163453,17.300677144022472,64.28571428571429,0.413391081884465,0.529467181009851,26.134887551379705,45.922359509419664,0.0375184234765901,43.3373068182988,0.3406537181549396,0.2292513562480033,0.1114023619069362,1.3721331943382893,77.11476443487942,75.96579437255859,74.81682431023776,1.06299056160519,0.39636944501828,0.0018497966383936,-0.5248226566600477,2.3808983468427205,-1.211892465166987,-0.6680459849443732,4.877078140637539,0.6831952958095359,57.91325220722179,1.8100509643554688,0.0138272295439204,58.333333333333336,2.473072357748074,49.665977007527815,65.41809871727405,-48.97988361021782,75.31039973063699,75.86972440929364,75.8396391435103,75.61889050890515,76.01866955227281,75.21072918419671,76.12377209767612,75.24717362360396,75.12432400695515,76.1954450905323,75.2011287804502,75.97714792887369,75.2078228519685,75.91843474558266,75.97714792887369,74.30725728606095,75.74880724196542,75.79210502290564,44.4696951358569,0,1,0.1167780852297624,-1,0.2331841853218869,1.0245450967930383,24.98868859811547,2.111713288090641,41.80479690689685,2.42953535709416,-184232008.03741497,-2554063.9415849745,-0.1615735096582361,-350500.7204163206,55.868200060369375,14316177.0,4.0,115579250.73558757,16.790000915527344,108.83999633789062,19.600000381469727,533511878.2066819,-0.0058771617018263,1.0506295241602146,0,1,-3,0.9594594594594594
25,25,TMO,551.7916757532445,552.3907953806951,543.383644310181,547.298095703125,963200,0.0,0,0,0,0,0,0,0,0,0,0,0,0,0,0,0,0,0,0,0,0,0,0,0,0,0,0,0,0,0,0,0,0,0,0,0,0,0,0,0,0,0,0,0,0,0,0,0,0,0,0,0,0,0,0,0,0,0,0,0,0,0,521.2151671852718,483.8463592620335,25.62635936211314,27.93933198975992,78.57142857142857,9.12130793556118,1.4979513916220422,43.740697593453774,57.2417061423547,0.2534138328320168,46.64144130010682,8.518358427874773,9.466286411339896,-0.9479279834651244,9.007151070514055,555.4037253386641,550.8250610351563,546.2463967316485,17.43355947447924,8.078260764097536,0.0148545188515918,-0.4988902722892843,19.435966928002024,-0.5733961676573844,17.395961134302272,4.872713301538049,0.6232173780645027,61.5964909795856,10.80450439453125,0.1329368123343523,50.0,2.013911176119976,58.697980567151134,61.00520151206157,-46.534028276089856,548.0542660361549,551.95137396873,550.042899946733,549.4507540189303,551.1209996079577,544.9331035117548,551.1685566531389,540.0038379182092,541.1601784074403,550.6095720529556,547.0235232963882,550.1972839355468,550.4042064042842,550.4970900155367,550.1972839355469,528.1662741689785,549.83782856886,550.721913785023,55.77189495518137,0,1,0.625107898361614,-1,0.3471476393229863,8.545003647281947,25.35033051597389,15.60774696524686,46.8964736328432,0.8640518242232009,-29059215.967985496,-98007.77400028332,0.0714896033339465,29494.653891659,57.42018037024745,35020300.0,3.0,23442265.04510284,16.790000915527344,108.83999633789062,19.600000381469727,531485742.0855251,-0.0031570008562429,1.574359677112642,0,1,-3,0.9594594594594594
26,26,VZ,53.08059833309275,53.13848471565539,52.87800151447282,52.993770599365234,14666300,0.0,0,0,0,0,0,0,0,0,0,0,0,0,0,0,0,0,0,0,0,0,0,0,0,0,0,0,0,0,0,0,0,0,0,0,0,0,0,0,0,0,0,0,0,0,0,0,0,0,0,0,0,0,0,0,0,0,0,0,0,0,0,53.82104453108211,54.394996425044845,15.837591244638064,14.645648047214197,-42.85714285714286,37.3056983386854,-0.1539700235064522,12.34661428996975,18.52073391792741,-0.0276374915333388,36.62335925714924,-0.1591726348079305,-0.1042380750199276,-0.0549345597880029,0.2604832011825664,53.75598620446305,53.30249099731445,52.84899579016585,-0.4660311814032241,-0.0826228948739853,-0.0124465963914209,-0.3333333333333151,-156.34192836237,-0.1003301732649512,-24.557899594769307,-0.577409140816172,-0.5920072822004094,51.05706600356062,-0.6174392700195312,-1.1156529219255746,58.333333333333336,-1.151698071212759,37.72105020261535,42.56671961539542,-91.3669894763092,53.88970746204258,53.24322261437124,53.42966301657937,53.22585056545017,53.11880802577567,53.16163549330055,53.303824705694105,53.77854746922518,53.54647957047064,53.64077705144882,53.64134512784128,53.62504018147787,53.569079571423146,53.13716675897387,53.62504018147786,53.951185642258,53.54442440255834,53.17338845099449,54.26159062473415,0,1,-0.0366606430458359,-1,0.2099174677203888,0.4448166569932576,23.87588090948506,0.443787447287008,35.1977682853366,1.3924115801324797,-367588318.2678578,-14482802.388736663,-0.3587446015850393,-1411066.4015040842,51.9007575830676,-251941800.0,4.0,-108225273.66704476,16.790000915527344,108.83999633789062,19.600000381469727,778495979.3326383,-0.0070384445352674,1.0105945543792787,0,1,-3,0.9594594594594594
27,27,COST,448.6906494685945,450.6712269151808,445.1973262307114,449.0887756347656,1520600,0.0,0,0,0,0,0,0,0,0,0,0,0,0,0,0,0,100,0,0,0,0,0,0,0,0,0,0,0,100,0,0,0,0,0,0,0,0,0,100,0,0,0,0,0,0,0,0,100,0,0,0,0,100,0,0,0,0,0,0,0,0,0,416.3800216375876,374.38138818027056,58.39994739404748,58.23239057139823,78.57142857142857,20.524817856938927,2.677509362060728,58.72614792690876,71.76634278663325,0.3767079297128495,56.51450097188378,10.070523597205977,10.77017729138006,-0.6996536941740832,5.473900684469413,457.5792803139668,452.0845031738281,446.5897260336895,21.75115198037622,11.68566092466699,0.0289870713433704,0.0727317116477217,28.74455383501057,-0.649930045807566,31.2363434055322,8.232222784271388,0.718707485225082,65.27081316116686,6.897125244140625,0.4341411148422316,58.333333333333336,1.5597592668355142,65.61817170276609,67.98144843254936,-43.23203568111904,447.3514501792163,453.5411081322744,450.5125410600142,450.4394789475661,452.8192287251933,456.3921419667967,452.5127591221405,447.74153803403857,439.20386649258415,450.3614198565483,447.3794604012322,450.0823760986328,451.66114028875336,451.8061533300547,450.0823760986328,436.752885056426,449.7497126629708,452.20245437532816,50.121571427766966,0,1,1.342600625502041,-1,0.5284735119711595,5.847221011362251,25.74076421709437,11.505174415813826,49.80200072399323,0.8147814679331262,30476883.794799343,415539.6890403107,0.1760818540356286,862126.8485434594,63.90611600352797,68072600.0,4.0,73779278.1829314,16.790000915527344,108.83999633789062,19.600000381469727,682279001.5819448,-0.0097090529946247,1.522243630939112,0,1,-3,0.9594594594594594
28,28,ABT,124.41948296635115,124.488700030374,122.76833615467277,123.33190155029295,4379000,0.0,0,0,0,0,0,0,0,0,0,-100,0,0,0,0,0,0,0,0,0,0,0,0,0,0,0,0,0,0,0,0,0,0,0,0,0,0,0,0,0,0,0,0,0,0,0,0,0,0,0,0,0,0,0,0,0,0,0,0,0,0,0,117.41433294129288,114.54333776732702,31.483972257420245,29.12379888528648,85.71428571428572,21.621997198617287,1.540833762292302,47.84936346145697,62.66203793862568,0.2273841922549868,50.027149259961575,1.798404851694542,1.8119504741578925,-0.0135456224633503,1.7203638757012385,125.22851668078688,124.20592651367188,123.18333634655689,4.21647237003117,1.8659392136793824,0.0184359516282428,-0.63218103531434,41.2267055521604,-0.887001918388844,20.018749400209742,5.760038574386763,0.79190391519919,55.188800821844026,3.2429733276367188,0.3516534412676161,50.0,2.70047653487584,60.00937470010488,65.66652698520294,-40.63504290885546,122.61674178609518,124.40627822423322,123.81367867209694,123.83213763470415,124.52968368530205,122.96274121110582,124.27221921791768,121.73199902593704,121.79616531277892,123.83485704660416,122.8113481053186,123.67004725138348,123.52864639723089,124.25188582529822,123.67004725138348,119.78478494344542,123.56156316730691,124.2360575098726,50.25242859109144,0,1,0.2461890215184952,-1,0.3513272909290029,1.7144348751355574,25.329362314909982,2.689301054625133,41.744944221459455,0.6667774335226259,-30767245.502223928,824664.6252915859,0.1708407371642605,466690.4455945662,65.16296900578514,157323100.0,3.0,274193085.4655148,16.790000915527344,108.83999633789062,19.600000381469727,544832915.9096518,0.0019107815293228,1.3910572346787544,1,0,-3,0.9594594594594594
29,29,ADBE,658.6099853515625,661.0599975585938,651.6400146484375,656.7999877929688,1047900,0.0,-100,0,0,0,0,0,0,0,0,0,0,0,0,0,0,0,0,0,0,0,0,0,0,0,0,0,0,0,0,0,0,0,0,0,0,0,0,0,0,0,100,0,0,0,0,0,0,0,0,0,0,-100,0,0,0,0,0,0,0,0,0,608.9626025390625,514.8913508605957,41.36833078365246,42.42753199151368,78.57142857142857,45.279992829685845,1.3997692925157406,92.10893364018553,88.95938470680214,0.2581294194964556,62.937248632074,12.885597383396885,11.787930648489478,1.0976667349074063,9.41998291015625,666.6229586590578,651.1799926757812,635.7370266925047,24.678891709271625,8.828011145958499,0.0414219454833852,-0.1921444630905097,143.5551386532452,-0.0441201832966993,47.03186132055888,7.157529519653052,0.8811608731450233,56.63351892301394,30.76995849609375,1.83485809433713,58.333333333333336,4.915093055624342,73.51593066027944,70.75524441256103,-10.528935867864842,635.5067529214432,654.5892912473361,647.0738148082386,652.9044680295291,658.2118701665165,641.1520682675821,654.0913220091788,637.6893460524495,632.6251436478744,637.8017218112946,636.6904796043048,640.440000406901,640.300058862606,657.3963471229886,640.440000406901,621.0574645593042,642.3310717594227,657.693295572846,48.42133335674082,0,1,3.10699462890625,1,0.4504572407536838,10.457531577499063,25.451843942124103,18.39996337890625,57.181039702124885,0.6908822301679033,65953668.40258437,1404696.8262796998,0.2926755518470392,3952120.1680109794,56.557143022042446,95755400.0,3.0,150620986.88572472,16.790000915527344,108.83999633789062,19.600000381469727,690157403.6499023,-0.0008041224703339,1.6465249633789083,0,1,-3,0.9594594594594594
30,30,ACN,329.12162266390624,331.7491164424373,328.3185024949678,330.60888671875,1613600,0.0,0,0,0,0,0,0,0,0,0,0,0,0,0,0,0,0,0,0,0,0,0,0,0,0,0,0,0,0,0,0,0,0,0,0,0,0,0,0,0,0,0,0,0,0,0,0,0,0,0,0,0,0,0,0,0,0,0,0,0,0,0,308.1992274192584,273.5863213147774,39.9346373754615,40.58752046031174,85.71428571428572,34.01445641801573,1.53732079968219,80.2360752610855,82.30070349687384,0.2471752898669299,57.53290666277632,5.766373773589464,5.441485125635539,0.3248886479539248,3.648744127984173,332.572694413509,328.818212890625,325.06373136774096,11.552853439746968,4.910704588278748,0.0349877679990009,0.4335270822124416,108.85210818358274,-0.0242564840264318,39.4667573468292,7.321042270491681,0.91852909699474,70.9232349603873,13.53411865234375,1.849603266735472,75.0,4.268431302458375,69.7333786734146,70.79125624691281,-8.0897757213047,322.82641404643283,330.1897535786357,327.5110373757102,328.9611026790592,330.63969896102526,325.0865659356947,329.4032814663577,322.987585240108,320.99830950939605,325.73241513967514,323.33695968074323,325.8506123860677,325.0645711579425,330.75589279232247,325.8506123860677,315.26819714894333,326.4083047346705,330.5327097955147,41.80587718245408,1,0,1.25723314949567,1,0.3969884958243786,3.867125889742845,24.79770365809137,6.395214189548369,71.73371968585383,0.5159694564231074,17230312.572500855,117071.80216437578,0.1144336720584145,1561461.0293844305,69.91332955674804,105003100.0,1.0,113951703.7861936,16.790000915527344,108.83999633789062,19.600000381469727,531070650.3304791,-0.0036021350832735,1.6426263603631923,0,1,-3,0.9594594594594594
31,31,DIS,178.16000366210938,178.58999633789062,176.8800048828125,178.30999755859375,4842100,0.0,0,0,0,0,0,0,0,0,0,0,0,0,0,0,0,100,0,100,0,0,0,0,0,100,0,0,0,0,0,0,0,0,0,0,0,0,0,100,0,0,0,0,0,0,0,0,100,0,0,0,0,100,0,0,100,0,0,0,0,0,0,176.88979919433595,176.7039995574951,10.52439935595538,11.285353985643226,42.85714285714286,13.409169543834784,0.2416892461334121,80.54690034173136,62.417884863319024,-0.0085888878019413,49.61341736463584,0.019402472957978,-0.0993022882037392,0.1187047611617172,1.709991455078125,180.6559265503588,176.56199951171874,172.4680724730787,-1.356559035357293,0.4275622245592956,0.0079377085383849,0.0877161672585797,26.043845372158124,1.033155783358689,6.2315508199775165,1.1807954085850547,-0.2421724399390128,50.81672913002656,0.220001220703125,0.3002481758781447,58.333333333333336,0.1235337330715236,53.11577540998877,49.40669500698081,-61.71772060982312,178.60806952761814,177.30291588535513,176.9398182262074,177.5397898000437,176.94563654123553,176.25539702360985,176.6009062820222,177.31930611795286,176.91369932549557,175.31853604316711,177.2109331762565,176.3566670735677,176.78939184689114,177.5930059398509,176.3566670735677,177.39681997141903,178.257070669217,177.75656336936805,39.7499153930145,0,1,-0.5259979248046875,1,0.1852658913553049,3.2261586138674905,23.85880455536071,3.579986572265625,50.3799622419461,2.171115565841009,26221072.653910253,-2377343.319233656,-0.1473919834425613,2784484.639962638,65.23973473028309,142838900.0,4.0,2358654775.807788,16.790000915527344,108.83999633789062,19.600000381469727,862668553.7322998,0.0013489517515403,1.5149660371918725,1,0,-3,0.9594594594594594
32,32,ORCL,87.57384600308066,87.91998616590006,87.07935790039876,87.64307403564453,5748500,0.0,0,0,0,0,0,0,0,0,0,0,0,0,0,0,0,100,0,0,0,0,0,0,0,0,0,0,0,100,0,0,0,0,0,0,0,0,0,100,0,0,0,0,0,0,0,0,100,0,0,0,0,100,0,0,0,0,0,0,0,0,0,84.47912583194957,71.30535898024894,21.7084815641805,26.043029262142817,-42.85714285714286,1.036489099366331,0.4839444931544122,24.014361208436355,20.783655145706486,0.1730858846124672,39.034675439485525,0.6996262886385125,1.0991789863912762,-0.3995526977527637,0.8406282655012944,88.22813945284611,87.80922393798828,87.39030842313045,0.1703581936895943,0.4263362395457619,-0.0051424413776123,0.0823527299817685,-125.60382339505026,0.383154029602499,3.4694787111020133,0.4864830810310193,-0.6175284731965645,62.67301356077347,-0.9988632202148438,-0.5934097953796638,58.333333333333336,-1.126851748886859,51.73473935555101,41.69052382423536,-84.71850955190286,89.31665736653243,88.00264752344657,88.15338717373935,87.84322287819602,87.43126745513166,87.66938732856023,87.96028258763678,88.23542205645379,87.70893556247107,88.3922621756792,88.69843200970803,88.4777702331543,88.97306283798008,87.54600457117515,88.4777702331543,85.94055044709972,88.47697593043664,87.70839518530862,58.39999830632047,1,0,-0.0563716175539438,-1,0.2219114120608237,1.384960116246386,23.185860216726685,1.6120350344205574,61.92698643150897,1.6357874704015645,-30437564.48820596,-2606907.6610860005,0.0012906675354362,-561043.3202467567,45.12760772837801,488402600.0,2.0,899946181.7645674,16.790000915527344,108.83999633789062,19.600000381469727,503418253.7487092,-0.007398303422531,1.6966367913843774,0,1,-3,0.9594594594594594
33,33,DHR,319.06249929400747,320.8684922408199,317.86517255885974,318.7731628417969,1342800,0.0,0,0,0,0,0,0,0,0,0,0,0,0,0,0,0,100,0,0,0,0,0,0,0,0,0,0,0,-100,0,0,0,0,0,0,0,0,0,100,0,0,0,0,0,0,0,0,100,0,0,0,0,-100,0,0,0,0,0,0,0,0,0,287.7631169763224,247.2178611417448,48.8256384532796,46.97468239178524,57.142857142857146,39.59795761347251,3.530008139150915,65.17519834353836,68.21193416879906,0.4921363332325512,50.90008957801072,9.274705197269896,9.80654113058768,-0.5318359333177831,3.003319681960136,321.305893294909,319.30796508789064,317.31003688087225,20.1837471811441,10.782626616649113,0.0435971673515305,-0.0963388792570206,66.9766850710813,-0.3249704278897591,42.13975476991077,11.035473047290829,0.8091829225785363,85.73175033912204,8.890289306640625,0.7903454998615822,75.0,2.8689192162250965,71.06987738495538,71.9810355491067,-20.020333360671746,316.2542945031828,321.5383151826634,318.5385786576704,318.92351782738746,319.9024956597448,321.33920547783725,319.448476857195,317.9381948386982,307.0414764797449,318.14703875780106,315.5470488288511,317.99786682128905,319.2989876876543,320.22792894301216,317.99786682128905,308.9508227024656,317.7534384174684,319.9299971188465,45.75393487183834,0,1,0.7972342477304835,-1,0.6122935090770985,4.778984798117433,25.383235709085184,6.595355375514714,69.44041527947007,0.5924529387889311,20527902.92411301,103503.37650862336,0.1541208908365005,1176689.435280461,57.8637019062175,96174300.0,4.0,174809500.31575626,16.790000915527344,108.83999633789062,19.600000381469727,428437124.05199325,0.0026651854987762,1.867820174372971,1,0,-3,0.9594594594594594
34,34,CMCSA,58.62518720959965,58.930579396744825,58.32964844415748,58.59563446044922,7757000,0.0,0,0,0,0,0,0,0,0,0,0,0,0,0,0,0,100,100,0,0,0,0,0,0,0,0,0,0,-100,100,0,0,0,0,0,0,0,0,100,0,0,0,0,0,0,0,0,100,0,0,0,0,-100,0,0,0,0,0,0,0,0,0,57.1115126201683,53.238437105793984,15.359435322841902,11.963143382545985,85.71428571428572,21.18951069926714,0.8625084859515054,67.70818645385206,68.47968753456428,0.1090616029355118,57.790908638613104,0.4474788449944142,0.4275656630655063,0.0199131819289079,0.6009309525873476,59.088637545143925,58.55228958129883,58.01594161745373,0.9159681916722988,0.4990066381601181,0.0127967865957165,-0.0491782775095736,81.1667365533383,-0.0825669336473736,18.49467116508165,3.6339644365863215,0.7115305596216316,49.88795999867335,0.3841972351074219,0.3996872860253804,50.0,0.6600030052859918,59.24733558254083,64.2363654472336,-30.62212945949411,58.35859327346571,58.71458784307737,58.517720794677736,58.59563510067814,58.7012927893476,58.86673795508924,58.59645519874795,57.74280292253453,58.05774941124052,58.35100785642862,58.27983044348373,58.41273015340169,58.40928142280774,58.718750700417615,58.41273015340169,56.70166534393437,58.44955512718914,58.72790761306607,58.66760899806419,0,1,0.074869853900659,1,0.3264665616252782,0.8175836794020889,24.50542020560416,1.1920117779675792,43.832255150568805,0.4747493232002462,366904070.3692757,5071352.119919598,0.1017364980671782,621588.8147302992,56.78597330616656,581103200.0,4.0,744036089.5071491,16.790000915527344,108.83999633789062,19.600000381469727,454755577.1848645,-0.0058470065975456,1.49056040830183,0,1,-3,0.9594594594594594
35,35,NKE,168.61200538980978,169.2963741861002,168.14584157593674,168.45330810546875,3003800,0.0,0,0,0,0,0,0,0,0,0,0,0,0,0,0,0,100,0,0,0,0,0,0,0,0,0,0,0,0,0,0,0,0,0,0,0,0,0,100,0,0,0,0,0,0,0,0,100,0,0,0,-100,-100,0,0,0,0,0,0,0,0,0,158.354430257195,140.930638471281,35.37239211415115,43.5645017495908,-64.28571428571429,13.867413945193585,0.6756710861592046,77.09252439640811,61.24079185819107,0.2649630598851482,46.92398140332413,2.27335512942588,3.2409391674189862,-0.967584037993106,1.1505326101634523,170.5752864524349,167.20755310058593,163.83981974873694,1.776700734961565,1.1319603553185118,0.0055036743995042,-0.1379337560179934,-17.966111413450765,0.823261150175989,16.468930242655702,-1.4107332895640128,-0.5586358751242215,52.6497146892725,-1.418304443359375,-0.2070297236661103,50.0,-0.8349272854236922,58.23446512132785,42.29445981924281,-45.35451276838892,169.68221664651054,168.21242021899178,167.9238370028409,168.08285330392263,167.25605656788355,165.0452122081338,167.33822663820388,168.17331731293675,166.0265440763061,167.16799479722977,168.8148360428637,167.81389007568356,169.87973660821365,167.44185031193473,167.8138900756836,164.52725004292878,167.85680419326638,168.0818100890991,47.26946782681466,0,1,0.1457983744794319,1,0.4121749164610848,2.50381198148403,25.116713021564465,2.162225498647217,56.09125425372631,2.244698031685729,59218842.0141872,-451889.0845372081,0.0705183922188679,-529103.6061876066,44.78169526633735,110969500.0,4.0,1003710980.7909544,16.790000915527344,108.83999633789062,19.600000381469727,506476741.7899106,0.0023585532985364,1.7423427457620289,1,0,-3,0.9594594594594594
36,36,CSCO,58.39413999045076,59.11009052466038,58.03125803128828,58.207794189453125,18069600,0.0,0,0,0,0,0,0,0,0,0,0,0,0,0,0,0,0,0,0,0,0,0,0,0,0,0,0,0,0,0,0,0,0,0,0,0,0,0,0,0,0,0,0,0,0,0,0,0,0,0,0,0,0,0,0,0,0,0,0,0,0,0,53.47822624491194,48.08149734541512,27.87607219772357,24.07466326954569,28.571428571428573,54.35727472305142,1.6957075568752027,92.54570900210592,94.84359349933142,0.2277150388136695,68.08663994395641,1.110008884072876,0.8182430439293225,0.2917658401435534,1.0788324933720972,58.92763983733202,57.41338272094727,55.899125604562514,2.6507492167400244,0.9327857922285075,0.0581571599657519,-0.172729132782399,169.51263770121017,0.0520449311457031,49.78908952874908,8.352765525034819,0.8446608087183384,66.22850866655314,3.422832489013672,3.1151996154741752,75.0,6.247759207589665,74.89454476437454,73.47782730945276,-16.197199875445065,55.17485937891848,57.69848262705304,56.79140576449308,57.57435010363172,58.2304313621136,57.75584562366824,58.10144363238953,56.0925848843328,55.42451382897254,55.64942153543234,55.53252309910185,55.92917327880859,55.89238452239755,58.140188952765456,55.92917327880859,54.31220254141749,56.33737008188949,58.120720581015256,31.953243541298026,1,0,0.481550924768817,1,0.4964479830050852,0.9092792127055072,26.13571706818547,2.18708774675396,83.57642640905684,0.8990301455035762,466687038.8130139,27566238.76917696,0.2982912946595099,9701257.033805326,69.10078811971542,488910500.0,1.0,471858716.84100217,16.790000915527344,108.83999633789062,19.600000381469727,1055158751.971449,0.0179517960636124,1.317729530533021,1,0,-3,0.9594594594594594
37,37,MCD,232.7363055179724,234.36986483079903,232.6482736773656,233.61666870117188,1668000,0.0,0,0,0,0,0,0,0,0,0,0,0,0,0,0,0,0,0,0,0,0,0,0,0,0,0,0,0,0,0,0,0,0,0,0,0,0,0,0,0,0,0,0,0,0,0,0,0,0,0,0,0,0,0,0,0,0,-100,0,0,0,0,231.11059605231483,218.1374291215517,9.895879369624357,12.370735133588711,28.571428571428573,0.0511064787879681,-0.3719090024098496,64.5934824077965,57.71289947360986,0.0290437765037232,54.37617995349002,0.5313439643327342,0.5433020035283318,-0.0119580391955975,1.721591153433451,234.85384374902168,233.32126159667968,231.78867944433767,0.514373873770495,-0.8691940307617188,-0.0004056732094189,0.511366000832286,50.24181711267046,0.1733464608775535,4.964748911649935,0.7679138180699351,0.5511522578977103,47.67337220337165,3.208404541015625,0.3732741593105036,58.333333333333336,1.39248674638921,52.48237445582497,53.39925229035774,-28.42521030909621,233.87071816100712,233.59818956068304,233.5695398504084,233.54361292699,233.4214487095352,232.47058357856807,233.65722241646893,231.87892179712185,232.83752415211592,233.42220237851143,232.7779152834325,233.5716756184896,232.85344300348527,233.7394419167036,233.5716756184896,230.05404585405515,233.62766737787675,233.71548491352644,52.56628662913057,1,0,0.4362651081577781,1,0.2923362930847697,2.7292389707106115,24.15532615224721,3.0519011789372144,53.082593626477376,2.974332851442288,8568597.692934576,882901.1056519393,0.0111673641702959,79359.71058613823,50.37526964410192,62065800.0,2.0,55568830.4150826,16.790000915527344,108.83999633789062,19.600000381469727,388204157.6039779,-0.0102333833359401,1.2758696145309454,0,1,-3,0.9594594594594594
38,38,CRM,260.8599853515625,261.8999938964844,258.75,260.8500061035156,9701000,0.0,0,0,0,0,0,0,0,0,0,0,0,0,0,0,0,100,0,0,0,0,0,0,0,0,0,0,0,-100,0,0,0,0,0,0,0,0,0,100,0,0,0,0,0,0,0,0,100,0,0,0,0,-100,0,0,0,0,0,0,0,0,0,246.01079986572265,232.8132000732422,16.317979282842376,15.274151511166153,64.28571428571429,30.469065859919315,1.406079358197491,86.89409429746586,85.37907759758201,0.1618469375806119,53.94561971894824,4.062003686058574,2.728718140539787,1.333285545518787,3.149993896484375,264.0473100605941,258.04600219726564,252.0446943339372,10.862381789263535,3.4933338654346926,0.049930591510191,-0.0031680213914104,135.58235114929988,-0.0790565990080185,34.85923091585545,8.922455046043778,0.9376751441753404,60.13702267945497,18.57000732421875,1.76609241553454,58.333333333333336,7.664688549521981,67.42961545792772,69.15441381323619,-7.366046187822121,249.6057996196496,259.3903854308992,256.07454723011364,258.7117508041275,261.4090817075631,258.3108393699929,259.53427250061753,249.81706386710687,250.5933073987933,252.4663309752941,250.7637776167689,253.15900166829425,251.9231912383448,261.1728216222973,253.15900166829428,244.0383948816581,254.84854573785927,260.7212170190562,47.45556905928027,1,0,1.5000015258789063,1,0.3448789956111742,5.221897638971705,25.43478586233469,7.489990234375,65.93003642877827,1.3252384215453974,24923596.774873503,2184486.4728967063,0.074976237001963,9893477.916622756,75.9752051031409,126163200.0,1.0,1224072866.8277564,16.790000915527344,108.83999633789062,19.600000381469727,2530602717.895508,-0.0040471442494955,1.4767888714499755,0,1,-3,0.9594594594594594
39,39,INTC,52.88247182003988,53.02914803058096,52.54021986832567,52.61845016479492,15048400,0.0,0,0,0,0,0,0,0,0,0,0,0,0,0,0,0,0,0,0,0,0,0,0,0,0,0,0,0,0,0,0,0,0,0,0,0,0,0,0,0,0,0,0,0,0,0,0,0,0,0,0,-100,0,0,0,0,0,0,0,0,0,0,53.44668685003073,54.28112262651448,18.847623144648285,17.125317514887794,-64.28571428571429,3.096249010955741,-0.5468340175424058,88.05208610250632,69.8972560154886,-0.1383484299819493,54.56453647598165,-0.391349105683993,-0.5066156754503991,0.115266569766406,0.4889281622552843,53.30636572658341,51.88505630493164,50.46374688327987,-1.0055627930050548,-0.286199202904335,0.0053682263429479,-0.5400009155273393,67.37769641217089,1.0799331500488014,1.574819309527135,-1.995185563783076,-0.3072069663901908,51.04823038216322,-0.3226890563964844,0.4687500594300269,33.333333333333336,-0.6095242020544123,50.78740965476357,43.4184705938664,-20.06674518841389,52.04563307064618,52.00214187733398,51.90781354037198,52.21315178504357,52.046778908161976,51.87628725694423,51.95676804594572,52.23889285941089,52.20814109658401,51.36119469255209,52.00653775098287,51.630812581380205,51.77832793111946,52.22033604453208,51.630812581380205,53.60464248307834,51.83018520244959,52.19846157502916,50.51289953294319,0,0,-0.042047473513157,1,0.2733427443590522,0.9284957418288072,23.92010844584252,0.9778563245105688,56.41836301000757,2.4622285331639504,-570352655.9690298,12996568.33867848,0.1130441205990604,1478930.0706299625,43.13408996460341,-505994500.0,2.0,-4238657127.6035886,16.790000915527344,108.83999633789062,19.600000381469727,795796588.9366881,0.0097087461618883,0.8859489701532836,1,0,-3,0.9594594594594594
40,40,TMUS,142.32000732421875,142.32000732421875,139.8000030517578,139.86000061035156,3633400,0.0,0,0,-100,0,0,0,0,0,0,-100,0,-100,0,0,0,0,0,0,0,0,0,0,0,0,0,0,0,0,-200,0,0,0,0,0,0,0,0,0,-100,-100,0,0,0,0,0,0,0,0,-100,0,0,0,0,0,0,0,0,0,0,0,0,144.6060009765625,134.1182006072998,23.41752829213628,21.957943851141263,-14.285714285714286,33.48797070473732,-0.6710630899861184,57.34022745870045,62.94389120333269,-0.0960196166738813,40.51368563576472,-0.939731547068277,-0.7924128315470667,-0.1473187155212103,2.6999969482421875,143.566924377759,141.5199981689453,139.47307196013162,-2.581940998750582,-0.960642301119293,-0.0229986326264433,-0.976191485367936,-87.56132139763929,-0.751225698101968,-24.3839587066986,-2.799187656227476,-0.5872236792918984,56.64675201922455,-4.729995727539063,-1.1268137453832296,58.333333333333336,-3.271316029696547,37.808020646650704,40.479599117969535,-90.50733595554723,142.58919058312387,140.97051813123562,141.41945329145952,141.21391509796356,141.61819949680444,140.3264030295172,141.3528402030439,143.16910337661437,142.3912293681104,140.95374888181686,142.27047435673677,141.4269989013672,141.70621110283437,140.9360014725418,141.4269989013672,142.14522043267658,141.44002820492236,141.45285315346314,58.644727373960826,0,1,0.07099609375,-1,0.2033830989369297,2.1409481558028274,24.43041192451925,2.759994506835937,46.85428702798054,2.214880653714089,47334968.08199152,-1815589.1611109967,-0.1655531042438736,-2275467.5898580947,42.065724410303766,224893200.0,3.0,278938203.0580977,16.790000915527344,108.83999633789062,19.600000381469727,517105514.6118164,0.0001405781590437,1.361783603627737,1,0,-3,0.9594594594594594
41,41,AMD,108.12999725341795,109.91000366210938,107.4499969482422,108.3000030517578,45485500,0.0,0,0,0,0,0,0,0,0,0,0,0,0,0,0,0,100,0,0,0,0,0,0,0,0,0,100,100,100,0,0,0,0,0,0,0,0,0,100,0,0,0,0,0,0,0,0,100,0,0,0,0,100,0,0,0,0,0,0,0,0,0,96.0877996826172,87.73809993743896,29.394909768229496,32.023704797811305,-71.42857142857143,27.45513954730965,2.351851435559169,83.48604484013107,65.66333152340893,0.565302411391766,43.40968567558856,3.0397009504064982,3.807507410117135,-0.7678064597106369,2.4600067138671875,110.70427433260464,106.61399993896484,102.52372554532504,6.022323473762057,2.4562826890211795,0.036955228267469,0.0691078594954689,44.70398415107026,1.591877076939605,17.385070855401292,-3.056771873493308,-0.0560530458504057,44.385517013059335,0.6200027465820312,0.2543721534380556,58.333333333333336,0.5757826382103204,58.69253542770064,47.2265760234741,-55.74229527255319,107.70218136230028,107.7547265471818,106.80436415238816,107.43153957553676,107.10510092070491,110.37263012120384,106.63633204349355,108.15780270921594,102.5615430261334,105.25171853601933,106.85755842955884,106.14966684977212,109.2063453589443,106.93650534040113,106.14966684977212,101.9627870491636,106.95443070268406,107.7138964839804,53.17451853162978,1,0,-0.066998291015625,1,0.4719250263242725,4.199811080808469,26.7285542734165,5.230003356933594,56.78202945076436,9.37978655554901,549428613.663708,-33110256.972296715,-0.0595120370163648,34552977.965620704,36.08891668071006,965340400.0,2.0,11132346130.338028,16.790000915527344,108.83999633789062,19.600000381469727,4918346990.070343,-0.0120602990555443,1.9329638882363225,0,1,-3,0.9594594594594594
42,42,WFC,47.95434432852672,48.940653365590045,47.80640023044946,48.61517333984375,21357400,0.0,0,0,0,0,0,0,0,0,0,0,0,0,0,0,0,0,0,0,0,0,0,0,0,0,0,0,0,0,0,0,0,0,0,0,0,0,0,0,0,0,0,0,0,0,0,0,0,0,0,0,0,0,0,0,0,0,0,0,0,0,0,45.00940395368643,38.2190312820199,16.437221300231787,14.562136150177054,42.85714285714286,20.00754324450825,3.349560237505269,63.347875331094606,41.02824859692921,0.3215146193443763,55.900763344113614,0.7649766356980479,0.918369946106562,-0.1533933104085141,1.242743056752154,48.81667915803785,47.3290298461914,45.84138053434496,1.3777964448267426,1.5658952761919025,0.0399127836605766,0.5826115801170979,17.94313877951752,3.0098449153035363,19.431446762256886,6.675741808311409,-0.683829246252192,46.97708432840409,-1.3512458801269531,0.2808160590827501,58.333333333333336,-2.704308015706048,59.71572338112845,48.54884447290205,-46.28831340380155,49.035713384273016,47.9772712333212,47.6884048461914,47.83792308994107,47.06817599595346,49.57562277586308,47.22335295393081,47.92295736782771,46.95090290227101,47.301170624792576,48.330355464090495,47.65779978434245,48.59339895509856,47.66229126295475,47.65779978434245,46.081524982527824,48.17212109924431,47.65650413509913,46.92247815185078,1,0,-0.0197258857866783,1,0.397080940769437,1.126027294063118,24.046709999894784,1.86411127865297,57.86619107248311,4.452531295066218,192611122.58045176,12959732.067882955,0.2122487145143247,4426791.409948824,64.7642471401927,1104656800.0,1.0,3099416600.8388085,16.790000915527344,108.83999633789062,19.600000381469727,1024180113.5620768,0.0182197731321078,1.8206385156404512,1,0,-3,0.9594594594594594
43,43,LIN,306.1031943252672,309.0800355002376,305.5511976846311,308.38018798828125,801400,0.0,0,0,0,0,0,0,0,0,0,0,0,0,0,0,0,0,0,0,0,0,0,0,0,0,0,0,0,0,0,0,0,0,0,0,0,0,0,0,100,0,0,0,0,0,0,0,0,0,0,0,0,0,0,0,0,0,0,0,0,0,0,293.20831087890883,271.635997754728,32.23928430552117,27.095963922574704,42.85714285714286,27.83204164801373,1.615550629786039,75.11417210249344,76.5812413877445,0.222485500303593,57.56687738787001,4.39476478167137,4.228234076898441,0.1665307047729287,3.5288378156064937,309.8721338338711,308.16925659179685,306.4663793497226,10.471714786238977,4.858297299116089,0.0254699872085788,0.6452531348830729,67.01667843979135,-0.1406447574731365,29.327002683801407,5.924040417876008,0.8648739042611455,64.47026877501078,6.4564208984375,0.8331471959586964,66.66666666666667,2.1384275112453333,64.66350134190071,70.90298450816906,-11.32644046600805,305.3970881320836,309.3701391770179,307.58840165571735,308.0715882628114,308.9758605340623,313.0262345833186,308.3488437355656,303.1132856982049,302.5915050441528,307.0226802825928,305.0801782989886,306.9735921223958,307.10136183567647,309.10592459202763,306.9735921223958,296.0350871785816,306.8301015306601,308.9465451732907,51.0544573678496,1,0,0.564814436323951,1,0.4272320793152748,3.9414160962407263,25.014875224978457,6.692960055041112,61.28265809395554,0.6676245781573075,-34802598.368213765,396414.0458513051,0.0515583460331762,730233.0045818951,61.07137309598805,6343900.0,1.0,85209745.37965061,16.790000915527344,108.83999633789062,19.600000381469727,245311099.9322692,-0.0101994485905856,1.5060575876577451,0,1,-3,0.9594594594594594
44,44,PM,96.91232455699743,97.81616244625673,96.4027163295198,97.34500885009766,2213600,0.0,0,0,0,0,0,0,0,0,0,0,0,0,0,0,0,0,0,0,0,0,0,0,0,0,0,0,0,0,0,0,0,0,0,0,0,0,0,0,0,0,0,0,0,0,0,0,0,0,0,0,0,100,0,0,0,0,0,0,0,0,0,95.51162491820936,85.34187718761977,13.007694045252368,12.103556876059663,42.85714285714286,10.341759469739984,1.018816321962308,43.78768124074795,40.7621610576553,0.1022114941302554,52.93293590543111,0.6259331395194607,0.6569320536057114,-0.0309989140862506,1.4134461167369352,97.83435035001848,97.22193756103516,96.60952477205184,1.3599434342130363,0.9800189580672908,0.0119874014848913,0.3061201187485753,27.33531509963096,0.4253863082465771,13.054919965277923,3.0266595464410004,0.3194303138408428,52.14732923048008,1.4230499267578125,0.333442442385874,58.333333333333336,1.4835496926153269,56.52745998263896,59.31433335309625,-39.819040940672345,97.67051955797992,97.44533208782944,97.3492075139826,97.20111889605757,96.9673088150824,98.06668201027124,97.31462919515089,96.24727109044376,96.6226403707751,97.59082128107548,97.15268588365772,97.52898356119792,97.4128110744752,97.282998256881,97.52898356119792,94.46102772012073,97.45501963929388,97.1442811724458,51.92498943023065,1,0,0.2259557995267982,1,0.3718073327778552,1.274320333535807,24.68291203746612,2.54804861065233,51.50541542224335,1.063409198647816,39945982.953943126,1149639.4134055302,0.0800124926650919,108621.39424216116,50.425480980979,125823800.0,2.0,207632481.0819589,16.790000915527344,108.83999633789062,19.600000381469727,214525121.63936952,0.0017890150648804,1.4596948864036563,1,0,-3,0.9594594594594594
45,45,UPS,189.1610432232546,189.993624236886,188.269709544478,188.91616821289065,1593900,0.0,0,0,0,0,0,0,0,0,0,0,0,0,0,0,0,100,0,0,0,0,0,0,0,0,0,0,0,-100,0,0,0,0,0,0,0,0,0,100,0,0,0,0,0,0,0,0,100,0,0,0,0,-100,0,0,0,0,0,0,0,0,0,196.41165720034908,177.18292079684343,21.899627324302703,26.63703446980848,64.28571428571429,9.436754242171505,-0.965149151620631,27.733241773996173,24.95665059997363,-0.2233549231207554,39.299634423126,-2.154648952392222,-2.7393291755415663,0.5846802231493444,1.723914692408016,189.42121839321229,189.12578125,188.8303441067877,-5.310406394382909,-1.8443458752754225,-0.0113986648471589,-0.1420458978871716,3.9308413637436623,0.0517101331280804,-16.799585339244402,2.528108252660997,0.3067112487600794,51.59094228570136,1.4509124755859375,0.0017517953667516,58.333333333333336,0.7739634045143218,41.6002073303778,55.12801355309696,-61.70037181646471,190.39293903429257,188.890510741858,189.58594082919035,189.22271259014423,188.7642148721289,183.58880707307068,189.5180742598744,188.35255359580955,189.9861619975416,190.0886523127556,189.3186059377913,189.9896504720052,187.39387092396737,189.6709280406321,189.9896504720052,191.67233376277025,189.9473810512247,189.05214530055605,53.47779398215877,0,1,0.4439540224775385,-1,0.4832037134657255,3.079936108373302,24.347938012577984,3.3498792908458768,46.13137593018208,5.837967454566185,19528166.81411673,-1242493.7358142885,-0.1003712582015241,-1196907.8241903193,54.53163243018962,122331000.0,4.0,727238051.8722029,16.790000915527344,108.83999633789062,19.600000381469727,301503786.79354554,-0.0006726812057505,1.9209513756815488,0,1,-3,0.9594594594594594
46,46,BMY,66.62838902684985,66.67718941282308,65.69133672002441,65.98416137695312,7639700,0.0,0,0,0,0,0,0,0,0,0,-100,0,0,0,0,0,0,0,0,0,0,0,0,0,0,0,0,0,0,0,0,0,0,0,0,0,0,0,0,0,0,0,0,0,0,0,0,0,0,0,0,0,0,0,0,0,0,0,0,0,0,0,65.70730886550972,62.04144759153848,15.592534943374664,17.744797796260208,50.0,6.034156669520027,0.0053645346727143,39.69804392384024,60.32495132300726,0.0656950139444445,46.3392594353207,0.2846839142799098,0.3203728399121467,-0.0356889256322369,1.1908349108349654,67.97729942588023,66.91536102294921,65.8534226200182,0.6857064751595203,0.0035650791266021,-0.0071066896795313,-0.6534725264764093,-34.387092798882705,-1.3339935243010372,-4.562584299117605,0.6427392835970824,0.5891600503679801,52.26393096303047,0.7125396728515625,-0.446031005622417,50.0,1.0916530863623208,47.7187078504412,55.44813022668946,-68.25417370214059,66.38450577692477,66.77135039679426,66.78562844016335,66.6302306702087,67.03075813524335,66.57207556960334,66.92819965312981,65.83140307162228,66.43903851123184,66.93513335287571,66.45380348382946,66.84020105997722,66.64748686111301,66.71262808327566,66.84020105997722,64.88319191492708,66.73290745828515,66.83242799843316,56.11406952555251,0,1,0.1093223937827787,-1,0.1874206084755139,0.980918860168088,25.510508130192434,1.5812603397101554,41.2293339468632,2.1051497738726592,-110831031.28536974,-112368.8084191084,-0.0761990040209423,-380711.8484910402,47.68098150560086,311126800.0,3.0,390929904.16248417,16.790000915527344,108.83999633789062,19.600000381469727,509020903.6484248,-0.0084252907133947,1.1839011565089756,0,1,-3,0.9594594594594594
47,47,QCOM,141.9067011640177,142.85954279238112,140.93419384614504,141.32711791992188,5721600,0.0,-100,0,0,0,0,0,0,0,0,0,0,0,0,0,0,0,0,0,0,0,0,0,0,0,0,0,0,0,0,0,0,0,0,0,0,0,0,0,0,0,0,0,0,0,0,0,0,0,0,0,0,0,0,0,0,0,0,0,0,0,0,139.7864453401047,138.94176122768468,12.50370978469974,14.993876839684972,-28.571428571428573,4.8395585095691205,-0.377605121765018,73.8138633593786,56.78370003751027,0.0691248855429593,46.23852135434684,0.1739048132788809,0.7722130960174006,-0.5983082827385197,1.9253489462360849,143.38295298999344,140.50589599609376,137.62883900219407,-1.3055129204332443,-0.5393394078963638,-0.0105332043323337,-0.3010276372129176,-28.58122690082958,1.137755664036864,-1.6424596218549758,-4.733020155341423,-0.6055264942184042,48.22351750800683,-2.760345458984375,-0.4058485590994451,50.0,-1.915742976004442,49.17877018907252,37.20620233003101,-52.56046264804396,144.16403481352555,140.95658860287253,141.23352994051848,141.23266452175756,140.26139583394112,140.11936508462506,140.29895947716628,141.10933262436274,141.72867280093675,140.34237432479858,142.5455909592896,141.25770060221353,142.8425725090508,140.4843124775162,141.25770060221353,139.29835871309442,141.70864223898224,141.1116121783738,48.03591455169692,0,1,-0.1208240507715146,1,0.2824072442704778,2.7756948937992294,24.565516272531035,3.271123307511232,50.83586145222324,3.499942735150359,80370281.118724,1882426.146138817,0.1336827171856871,-120131.5248422997,51.302402753361584,134229800.0,4.0,856006138.1435783,16.790000915527344,108.83999633789062,19.600000381469727,811933381.3800437,-0.0008989612862412,1.662192427227291,0,1,-3,0.9594594594594594
48,48,NEE,82.458470062478,83.16408213204025,81.90966399811707,82.8406753540039,5930000,0.0,0,0,0,0,0,0,0,0,0,0,0,0,0,0,0,0,0,0,100,0,0,0,0,0,0,0,0,0,0,0,0,0,0,0,0,0,0,0,0,0,0,0,0,0,0,0,0,0,0,0,0,0,0,0,0,0,0,0,0,0,0,76.23871181865557,74.87322545240198,55.2722898105139,41.297429496767634,78.57142857142857,68.69323053718972,3.5914766388901147,33.309548074037274,52.01665294409875,0.3981314163206573,62.72118224760368,2.0406385683347708,2.0001135208350336,0.0405250474997371,1.2544181339231812,84.58338623496982,83.08568572998047,81.58798522499112,4.865083608895986,2.847194916162735,0.0449595445497768,0.3046873137353036,54.08472937465044,-0.4584911917774177,38.91367305579615,12.71497229938003,0.7739910609783063,80.38771496191168,2.1168212890625,0.9261698549229632,75.0,2.6222995836640006,69.45683652789808,79.6881913204878,-29.82744339892649,82.02131214831095,83.55391316110624,82.83284107555042,82.84677929644819,83.24744824495404,84.21547561000745,83.21987086080841,83.13992303528113,80.22900885631238,82.93152520060539,81.92355891932547,82.76456731160482,82.70490008557664,83.3099866256477,82.76456731160482,80.65337570315694,82.64715219970489,83.20812258746594,41.23025853973054,1,0,0.3371247044341645,-1,0.6261299010027213,1.314230684518158,24.896224746377552,2.1266341194088625,70.25982255901985,1.0360416507298416,-103707001.57102089,5864609.189958632,0.3090756436616789,1167515.0473882712,73.83982310402482,49948900.0,1.0,9236964.480647732,16.790000915527344,108.83999633789062,19.600000381469727,488978727.47049457,-0.0010685880432329,1.3475347620302314,0,1,-3,0.9594594594594594
49,49,TXN,184.72923792812364,185.4647421593569,183.7093453115837,184.45465087890625,3163600,0.0,0,0,0,0,0,0,0,0,0,0,0,0,0,0,0,100,0,0,0,0,0,0,0,0,0,0,0,-100,0,0,0,0,0,0,0,0,0,100,0,0,0,0,0,0,0,0,100,0,0,0,0,-100,0,0,0,0,0,0,0,0,0,184.5759277668772,173.40862157468334,14.189231171083568,11.304121608979312,-71.42857142857143,12.847869008509385,-0.5759361823400252,81.75386659650376,67.79653302346952,-0.025841587679154,48.684383046781264,-0.4558147770241305,-0.2573226502970964,-0.1984921267270341,1.755396847773227,185.95174289972303,183.1444854736328,180.33722804754257,-1.6713948624809802,-1.0648877070500191,-0.0023914565005915,-0.1564244857598495,5.570132982794117,0.7649914362487208,0.1300928743419642,-4.018651128672521,-0.4297081930160329,38.72883824234179,-1.3827667236328125,0.0081245321959823,41.66666666666666,-0.7440733634117791,50.06504643717098,39.49630480676147,-47.47238971394047,184.3012519776933,183.26797415848736,183.26466258655896,183.75495665223448,183.33070857499035,183.1110844488571,182.8373693670133,183.56388645010549,184.1558586330148,182.00673747062683,183.941976337918,182.7796752929688,184.03938623282488,183.32714751411373,182.7796752929688,182.5878264892238,183.2669235293421,183.7652664306223,47.214060781472575,1,0,0.1049326650468657,1,0.1852687879357614,3.129722560285121,24.627119806190382,3.7755489445698913,49.38827604713206,2.901758714411397,77584009.08669145,592954.1229214519,0.1049787813245996,65764.47868017053,46.277374880181966,82987000.0,2.0,39251607.4248488,16.790000915527344,108.83999633789062,19.600000381469727,584409417.109412,0.002394535443932,1.5058209590532436,1,0,-3,0.9594594594594594
50,50,COP,54.28456692927954,55.20480890696982,53.89297253244231,54.842586517333984,6125200,0.0,0,0,0,0,0,0,0,0,0,0,0,0,0,0,0,0,0,0,0,0,0,0,0,0,0,0,0,0,0,0,0,0,0,0,0,0,0,0,0,0,0,0,0,0,0,0,0,0,0,0,0,0,0,0,0,0,0,0,0,0,0,56.06567260883824,49.29769807116288,14.364665702931406,14.067077880066726,-35.714285714285715,1.6182434288654497,-1.032841683804277,89.96638538984935,68.22490347741876,-0.194972873859045,54.35474612282285,-0.6138279549843162,-0.6933085142787032,0.079480559294387,1.311836374527509,55.94568931138047,53.14503021240235,50.34437111342422,-1.9532498434768897,-0.5627532127575989,0.0065461754572651,0.425372858147364,34.80773143858346,2.5490941158890355,3.0016689574787536,-5.222163642090177,-0.4883288703077798,47.154423171193415,-1.145404815673828,0.4934739032222022,50.0,-2.0458044455660795,51.50083447873938,41.58610739362006,-25.28369162005921,54.1817867473452,53.50831197642273,53.40579618974166,53.91248430905642,53.357231032248286,54.05824649681478,53.249922509833134,54.14725582108897,53.95168234911991,52.43991113454104,53.843850184074896,52.98349927266439,53.50028578943935,53.78248899118964,52.98349927266439,55.094842722784605,53.363933635091385,53.85761463531421,44.73273224292555,1,0,-0.0117477004612458,1,0.179187838748408,1.5558051737645404,23.771606313524654,2.1048129857879303,65.18343968984681,4.26933673760878,-125392041.28909536,2281313.4581015706,-0.089415444919571,811963.6128734477,53.29920219673987,-114055900.0,2.0,471817839.7842184,16.790000915527344,108.83999633789062,19.600000381469727,332503829.35522306,0.0048930787683145,1.3809762014660951,1,0,-3,0.9594594594594594
51,51,T,19.3973922646202,19.446857107816363,19.31966256153068,19.38326072692871,29708309,0.0,0,0,0,0,0,0,0,0,0,0,0,0,0,0,0,100,0,0,0,0,0,0,0,0,0,0,0,-100,0,0,0,0,0,0,0,0,0,100,0,0,0,0,0,0,0,0,100,0,0,0,0,-100,0,0,0,0,0,0,0,0,0,19.85535038323921,19.982256415393152,14.77750271250848,11.718784317114215,-50.0,36.62634277500805,-0.387047251987818,12.872502766520077,11.850793712590024,-0.0585582989677035,34.45984721925771,-0.1270527061258661,-0.0858713948263801,-0.0411813112994859,0.1271945462856898,19.506434818174345,19.432726669311524,19.359018520448704,-0.3419537121737193,-0.0764624889080352,-0.0188342145199555,-0.1111017579303258,-125.34328095572532,0.4431424349552123,-29.953700921567165,-2.730974068285197,-0.8770982832958768,46.42790414748353,-0.5158519744873047,-1.268027658186644,41.66666666666666,-2.5923365640850737,35.02314953921641,30.975144611088783,-90.5263065134322,19.86394846808922,19.42762057356068,19.53666770241477,19.44433941874471,19.317508377694992,19.3238613536966,19.45223149229046,19.75618296856552,19.66188445285304,19.62778529524803,19.72483037008752,19.63836015065511,19.683634148841136,19.362264297296544,19.63836015065511,20.09219596596546,19.60744873946452,19.38357191673697,52.02791661535549,0,1,-0.0360390828785957,-1,0.2222222222222222,0.218040353304776,24.24331273260388,0.2402613779061724,28.722423130891183,1.65731084502694,-1562893697.6635897,-37752678.513905525,-0.2328880785887891,-1719266.0261175702,31.649890231588497,-274643943.0,4.0,-1354612098.3109727,16.790000915527344,108.83999633789062,19.600000381469727,576263723.1915467,-0.0029061143651112,0.9889514928707746,0,1,-3,0.9594594594594594
52,52,MS,100.98338173745418,102.64574463858084,100.75847859901084,101.78522491455078,5612100,0.0,0,0,0,0,0,0,0,0,0,0,0,0,0,0,0,0,0,0,0,0,0,0,0,0,0,0,0,0,0,0,0,0,0,0,0,0,0,0,0,0,0,0,0,0,0,0,0,0,0,0,0,0,0,0,0,0,0,0,0,0,0,92.01756587749014,78.16459992360181,33.09082007703434,30.721825643742,100.0,35.39172075192719,3.3719585664564247,81.88782873834018,62.8013903496441,0.4083383019553022,57.25271951483448,2.363709865090442,2.5301327509726863,-0.1664228858822443,1.8872660395700225,102.782898173668,99.68870239257812,96.59450661148826,4.575179783977134,3.275091807047531,0.0479570690225001,0.4248702410176814,92.8676098405812,1.8441282658238405,34.3368207224729,9.885869261168205,-0.2646268927484529,51.9261428868649,0.2053451538085937,0.8322657165157349,58.333333333333336,0.2021514046800065,67.16841036123645,58.92658488654538,-13.17373104160603,101.22263192282044,101.08808184294496,100.10562563809482,100.6082424884076,99.8019448713829,103.95877319081544,99.81364400232869,100.24784685696466,97.52164143274456,99.13220050930975,100.20151542041206,99.72618891398112,100.9549541561538,100.72209734689956,99.72618891398112,96.45537966134567,100.16089890837787,100.6547325014146,53.35747146100317,1,0,0.2415325195065392,1,0.5061515686580439,1.9795284963156623,23.924856087968944,3.1487052220171563,57.20489996886077,2.073109907759256,105263099.4430626,4007421.0560745895,0.2079479570136534,1931597.5503307967,61.626715252588525,400175500.0,1.0,1089177204.7452178,16.790000915527344,108.83999633789062,19.600000381469727,566728836.6487666,0.0056480263614824,2.309178283816264,1,0,-3,0.9594594594594594
53,53,RTX,84.14730830930738,84.95320371832926,83.53796983003083,84.25541687011719,3195200,0.0,0,0,0,0,0,0,0,0,0,0,0,0,0,0,0,100,0,0,0,0,0,0,0,0,0,0,0,100,0,0,0,0,0,0,0,0,0,100,0,0,0,0,0,0,0,0,100,0,0,0,0,100,0,0,0,0,0,0,0,0,0,84.29626079405416,76.35132292636891,12.262669565687814,13.17876054354904,-35.714285714285715,2.493568677815573,-0.2898174528896456,68.43550397574563,50.07082334551999,-0.0052024857507659,46.92528910227732,-0.2060652279329673,-0.0330985160663158,-0.1729667118666515,1.415233888298431,84.98443402037624,83.24706420898437,81.5096943975925,-0.8765507243790296,-0.2453361413417809,-0.0046843414140663,0.0763891832323151,-19.33314755483274,1.3077163942023589,-0.2821715875277245,-3.1464539209467426,-0.7249135792963326,49.20246816701379,-2.320648193359375,-0.1763405119996105,50.0,-2.6804731673331417,49.85891420623613,38.47680540415707,-46.522343397151324,85.01235479153698,83.61015741283622,83.70410627885299,83.80555778450065,83.10796181265285,85.04521746477246,83.12051086801733,83.75771519826826,84.14687521325419,83.30735677480698,84.49027502258573,83.68268330891927,84.46552049524843,83.46058356337637,83.68268330891927,83.94664176179404,83.86840956196957,83.64450303177104,49.26886343235181,1,0,-0.0602243550970058,1,0.2686877450525204,1.5286152678104623,24.295183582857707,2.909096236031928,65.33554307126151,2.7382664457983523,-28656755.50949521,-1371345.8739587404,-0.1040659727779416,-102566.0748576128,48.5766827437904,32516900.0,2.0,247646839.7022313,16.790000915527344,108.83999633789062,19.600000381469727,268867479.5098989,0.0059923025963528,1.3826046479323382,1,0,-3,0.9594594594594594
54,54,UNP,217.10887893571768,217.54979567978307,216.0016757076648,216.82472229003903,1744000,0.0,0,0,0,0,0,0,0,0,0,0,0,0,0,0,0,100,0,0,0,0,0,0,0,0,0,100,100,0,0,0,100,0,0,0,0,0,0,100,0,0,100,0,0,0,0,0,100,0,0,0,-100,-100,0,0,0,0,0,0,0,0,0,216.32521343310088,209.611776067947,14.91600182667061,12.199511914322068,42.85714285714286,0.8012047434067079,1.428168996366509,13.447349385272048,17.332938782553597,0.0874830063309017,39.84004242641642,0.8144454804971986,1.1190668408888886,-0.3046213603916901,1.548119972118286,220.64972318339235,218.26506652832032,215.88040987324828,2.277278789062251,3.0990670032990124,-0.0007884770133367,-0.1835494992612118,-87.25832250465571,0.0932885051950653,-5.420288110444385,4.170872320101533,-0.5719885560878685,43.300869542562864,-4.997100830078125,-0.8225461032050683,50.0,-2.252754377269805,47.289855944777806,54.007057781691614,-79.73706433169974,222.42616677661505,218.67400818046835,219.05694108442827,217.9132885699505,217.0829260161404,221.23432310117065,218.5254948995704,218.96261393224805,217.9849380474704,220.11987963318825,220.3773783776705,220.20152282714844,220.5401542394858,217.62057811357528,220.20152282714844,216.2132147168856,220.1652675124269,217.57866444815687,56.34649454073095,1,0,-0.1410915650916024,-1,0.3365838480533323,3.004675049704636,24.57500850569781,3.135424514549072,42.78892407227573,1.4247549552947232,-73607484.53678714,-1234027.473270923,-0.0075775738784396,-606474.4025822047,52.94565713790335,93733700.0,2.0,8667823.862357564,16.790000915527344,108.83999633789062,19.600000381469727,378637884.8638916,-0.0101407458793467,1.328531150309164,0,1,-3,0.9594594594594594
55,55,HON,227.44112998586607,228.8992080407729,225.41163951001064,227.2440948486328,1804200,0.0,0,0,0,0,0,0,0,0,0,0,0,0,0,0,0,100,-100,0,0,0,0,0,0,0,0,0,0,-100,-100,0,0,0,0,0,0,0,0,100,0,0,0,0,0,0,0,0,100,0,0,0,0,-100,0,0,0,0,0,0,0,0,0,221.64881506216403,211.91750367413,13.29380682253449,12.973192115416804,-21.42857142857143,20.85560975728076,0.1346480060312137,64.13564037941289,46.2356708916173,0.0758231920285457,51.934969970353706,0.7798782538154683,1.1723786974366788,-0.3925004436212105,3.4875685307622746,228.2368282590536,225.73476867675785,223.2327090944621,-0.0031040171775487,0.3054841848520198,0.0016218767121591,-0.0564964202123338,23.262361198150973,0.8068670863795043,7.571047557750872,-0.2353945171838465,-0.5623984300710764,44.40367327175618,-2.551620483398437,0.1170885108613323,50.0,-1.110386448986489,53.78552377887543,44.60455119052203,-40.46363604554031,228.42889830375904,226.4693637281064,226.3842795632102,226.5397098781345,225.39871613472337,226.58785333720445,225.90577479483684,223.5932693311541,226.10793001415493,225.7635576426983,227.0872607962685,226.3606908162435,227.31932070448767,226.15879338989217,226.36069081624348,221.87893652073456,226.76427706796423,226.27118434458504,65.31546139726021,1,0,-0.0098555106671625,1,0.255460784524961,3.437989876829787,23.94085533348392,7.191888160157362,55.97865940651117,1.6305015168581354,33463952.24070616,397747.45427826047,0.0621408526251785,507731.51220902137,43.05867564765234,130320000.0,1.0,271427876.75061005,16.790000915527344,108.83999633789062,19.600000381469727,410349286.7204996,0.0087830566968112,1.5889872257580533,1,0,-3,0.9594594594594594
56,56,AMGN,218.7934884431861,219.3007041269069,215.74046051483504,216.140380859375,2173200,0.0,0,0,0,0,0,0,0,0,0,0,0,0,0,0,0,0,0,0,0,0,0,0,0,0,0,0,0,0,0,0,0,0,0,0,0,0,0,0,-100,0,0,0,0,0,0,0,0,0,0,0,0,0,0,0,0,0,0,0,0,0,0,231.46161939961988,229.7549743498041,29.271723660888885,22.89932356382569,-100.0,43.19278994756552,-2.738098211670429,23.55544038742837,24.464990162346705,-0.2573523708883307,35.77380694011932,-4.093893376381999,-3.7258874148935672,-0.3680059614884317,3.560243612071872,221.0125094298237,218.3994384765625,215.7863675233013,-10.698685047081652,-6.213977813720703,-0.0476091031511686,-0.7452039447006177,-139.8372842884269,-0.318814675169395,-33.41040002628927,-7.486613208734076,-0.5393879517301675,65.53509837378837,-4.6740570068359375,-1.1385962482098,58.333333333333336,-2.116735233439715,33.29479998685537,35.222879200048204,-96.01267455276744,223.14939310980984,217.24179768120248,219.66058155406608,218.27340954333755,217.28917626273264,211.01639924219512,218.6421355724965,224.9579599644153,222.56585060431468,221.0145202279091,221.37825202847108,221.0204137166341,219.57611141042992,217.26907759348416,221.02041371663407,227.47891555197776,220.80019646483905,217.55573097508727,61.100085327952726,0,1,-0.3291017453007555,-1,0.3738226028398952,3.946529623189978,24.7973578326866,4.535692344607412,47.90490397859246,6.317444075870682,-2136108.859855582,-1393924.3548248513,-0.1228332536472578,-3177413.591705544,33.77334926182991,16971800.0,3.0,-11312727.2475621,16.790000915527344,108.83999633789062,19.600000381469727,475482009.0847321,-0.0053655305607216,1.0191546024764175,0,1,-3,0.9594594594594594
57,57,IBM,128.87081022884942,129.68132660530392,128.44714725058807,128.8155517578125,2105389,0.0,0,0,0,0,0,0,0,0,0,0,0,0,0,0,0,100,0,0,0,0,0,0,0,0,0,0,0,-100,0,0,0,0,0,0,0,0,0,100,0,0,0,0,0,0,0,0,100,0,0,0,0,-100,0,0,0,0,0,0,0,0,0,130.09053700977833,120.26752796999682,17.157864600800476,18.35133889351266,-21.42857142857143,5.469136303647561,0.1308333044621797,56.71955323748792,41.95588984454151,0.0005942019253524,46.67922096291958,-0.2829887505409374,-0.060283604786843,-0.2227051457540943,1.2341793547158488,129.56187370680567,128.29055786132812,127.01924201585058,-0.9476931054980468,0.1696542593149104,-0.0066052941641434,-0.0447734527609596,-47.7873294371096,0.9472981989747998,-7.235666471360035,-1.364599300750358,-0.6837441878116687,66.54643061259736,-2.0907440185546875,-0.6405078714423411,75.0,-1.5971302267435594,46.38216676431999,39.56083512755842,-59.4178157611857,131.4229845495645,128.68304610222853,128.99874766956677,128.74811185823455,127.77638072004258,131.07589641678354,128.2193216222056,129.93438864281336,129.3997361198676,128.8688136935234,130.09396741330016,129.3181223551432,130.12030523904343,128.28527500340655,129.31812235514323,129.86013651054216,129.46650596490676,128.50497046550052,48.05675164222686,1,0,-0.0340812438640114,1,0.2820260297961882,1.66907256777042,23.507744247158666,2.4867913266191977,73.34246387964845,2.003832227382055,-105613569.17758843,583920.5827572346,-0.0114009050957341,-538156.4153568194,54.4626360565481,8511609.0,2.0,-212288437.73364505,16.790000915527344,108.83999633789062,19.600000381469727,271323186.276907,0.0010016132511458,1.1826863908038503,1,0,-3,0.9594594594594594
58,58,MDT,130.40744308623246,132.8942952485371,129.94545726965583,132.25538635253906,6483800,0.0,0,0,0,0,0,0,0,0,0,0,0,0,0,0,0,0,0,0,0,0,0,0,0,0,0,0,0,0,0,0,0,0,0,0,0,0,0,0,0,0,0,0,0,0,0,0,0,0,0,0,0,0,0,0,0,0,0,0,0,0,0,125.16118378021883,118.3705248061598,14.021314541325824,13.532974917431847,78.57142857142857,27.37599099094578,0.0500574208947391,62.02234208582767,52.017578342262745,0.0744647165845879,61.641368124220605,1.093134414341904,0.6656418203043646,0.4274925940375393,2.948837978881272,133.20929510726316,128.65387115478515,124.09844720230716,1.9853470200283567,0.0635767227564088,0.041318780398762,0.6266682942708408,213.73100659580984,1.7032899224523594,31.922497554366924,2.6213421981356624,0.8436655422705965,58.11268613081258,8.364860534667969,2.8679748947633934,66.66666666666667,6.751816153371548,65.96124877718347,60.02282750081642,-5.7725969145324765,126.80496147130933,129.6019401563997,128.53377297141336,129.77513197251966,129.32349771055803,127.67286977834593,129.9258845385835,127.76264736041178,127.12542104153562,127.35482205450536,126.63005589875829,127.52217127482096,126.9839872450346,130.4452487023526,127.52217127482096,125.23220157507856,128.4472651355909,129.90201212980872,39.11310216546653,1,0,0.8020820374266876,1,0.3282338800688217,2.1836149520328227,26.037110646583727,4.148017452493093,67.04747734240799,2.437570821583595,-60896941.9608728,4538305.622162357,0.1882797646550608,6384520.687267359,65.7745802252429,107847100.0,2.0,238799679.2046665,16.790000915527344,108.83999633789062,19.600000381469727,845535779.482514,0.0302065427255753,1.422336682602652,1,0,-3,0.9594594594594594
59,59,SCHW,73.86948499984213,74.8422388973961,73.46252186447803,74.02830505371094,4754900,0.0,0,0,0,0,0,0,0,0,0,0,0,0,0,0,0,0,0,0,0,0,0,0,0,0,0,0,0,100,0,0,0,0,0,0,0,0,0,0,0,0,0,0,0,0,0,0,0,0,0,0,0,100,0,0,0,0,0,0,0,0,0,70.33728038147056,62.91405954675893,16.28026603076951,17.371910680895876,35.714285714285715,21.71128523752355,3.656769184568307,81.64911012796759,65.390873158478,0.1803841197489664,57.53488549817539,0.925019270517538,0.7300591543155867,0.1949601162019513,1.379717032918066,74.93040011026812,72.27338256835938,69.61636502645064,2.1502692513788446,2.5685648795885925,0.0539131281339921,0.1151105988254042,95.80015007242996,1.888798584983841,23.300156409989054,11.093760397605468,-0.3797424443181926,50.09373822362512,-0.04962158203125,0.7359790972577704,58.333333333333336,-0.0669856518463962,61.65007820499453,58.93119602953949,-16.403350910871133,73.05637337997081,73.22403333693322,72.45854741876775,73.01418405812937,72.47280567824593,75.54708098386592,72.42168281485344,72.50075595800044,71.22021426781545,71.50740092992783,72.63229866035118,72.00273081461589,72.71238841927004,73.23978549733587,72.00273081461589,70.99244084750836,72.58408161467428,73.08299380417175,56.432170769420566,1,0,0.1836320915224805,1,0.3266793900128785,1.726209043540616,24.41866907129634,2.868612805754765,56.451754844479154,2.961457860259342,34634450.78426917,2426057.848413989,0.1489316632730743,1890670.8242376568,77.11773170874744,58112700.0,2.0,480446272.4307478,16.790000915527344,108.83999633789062,19.600000381469727,351242014.2257493,0.0261996832108277,2.07248561381274,1,0,-3,0.9594594594594594
60,60,AXP,160.618366779063,165.9266616014222,159.24911718838663,164.8848419189453,3579900,0.0,0,0,0,0,0,0,0,0,0,0,0,0,0,0,0,0,0,0,0,0,0,0,0,0,0,0,0,0,0,0,0,0,0,0,0,0,0,0,0,0,0,0,0,0,0,0,0,0,0,0,0,0,0,0,0,0,0,0,0,0,0,166.3641118848666,142.5762467895411,17.16279454831,15.006492113754934,-64.28571428571429,1.935656570581178,-2.058696329355349,57.84506969472121,40.157915188338286,-0.1377263374852999,51.36891233455554,-1.8473373831585604,-1.2701113545719596,-0.5772260285866009,6.6775444130355766,165.0927411497899,160.06471557617186,155.03669000255385,-7.794370666039811,-3.430617797069061,-0.0105344316849398,0.6389287552402515,-12.970152558598484,2.9966136687330267,0.27434568415265,-8.78021546969602,-0.7423583621596962,40.11482233888492,-4.4550323486328125,0.2057324358979204,41.66666666666666,-2.630822993049653,50.137172842076325,24.749072290752807,-42.97696604599819,164.42268672170638,160.48486046283705,161.2030487060547,161.7354626422162,159.2444367688091,158.52310320478676,160.14824717973755,161.84253789745662,163.63081876058968,160.3405184149742,163.6330818171971,161.109846496582,162.7818739475416,160.5335282132584,161.10984649658204,162.01545719392342,162.42629389887497,160.8385931963585,38.86087078918014,1,0,-0.0446520304178735,1,0.254634078032948,3.5056162534914272,23.99888570723107,9.76331591447058,66.13802045349756,4.427776683909156,2085955.0726330115,151041.24193416932,-0.0372597916207677,218529.75745509984,50.08250081921282,39866700.0,1.0,327738322.79136884,16.790000915527344,108.83999633789062,19.600000381469727,574997691.2323676,0.0079700666534072,1.633663738398582,1,0,-3,0.9594594594594594
61,61,LOW,201.1959223171293,204.57869442044657,200.8596267782925,203.93576049804688,2628800,0.0,0,0,0,0,0,0,0,0,0,0,0,0,0,0,0,0,0,0,0,0,0,0,0,0,0,0,0,0,0,0,0,0,0,0,0,0,0,0,0,0,0,0,0,0,0,0,0,0,0,0,100,0,0,0,0,0,0,0,0,0,0,191.2101956539922,178.0723608549387,17.45477268481024,13.885004207294624,28.571428571428573,27.177615772100904,1.1252561802061043,76.13851457526675,84.89245546957956,0.1050011657229843,56.16373146431456,3.0427362123043338,1.3567219214259691,1.6860142908783646,3.719067642154073,207.0874170936949,203.051498413086,199.0155797324769,9.862683151139436,2.1725016862918096,0.0562936558965483,0.7367002820445214,94.92629674899716,-1.3949000935319142,20.92815141395365,10.88090058274521,0.7645077967183519,53.92034887777016,11.533065795898438,2.1941759046268583,58.333333333333336,5.994232988135817,60.46407570697683,62.81586646008535,-12.0759550110557,189.22276850804744,202.7280944116972,199.5306074662642,202.14449817150623,206.7906731345448,197.4634016955548,204.03341711938103,193.46337410763013,194.10431197093607,196.6996945440769,193.3727697561256,196.44091237386067,193.89010569342736,205.04352829160447,196.44091237386067,192.2781937693191,195.8722458127423,204.7524854827976,40.68651266459993,1,0,1.1592415296264504,1,0.2787130356635139,5.020230682048413,27.075184298780208,4.7180872183714655,54.32667283301029,3.482385510169408,-17063340.432429645,1272091.2064805888,-0.0370866405677828,16974878.218611043,66.69848439494602,176269900.0,2.0,157804661.37412378,16.790000915527344,108.83999633789062,19.600000381469727,528903840.5872696,-0.0133391362335375,1.6275768422393664,0,1,-3,0.9594594594594594
62,62,CVS,82.22907875061769,82.82921977870613,81.61909725316156,82.21923828125,3158500,0.0,0,0,0,0,0,0,0,0,0,0,0,0,0,0,0,100,0,0,0,0,0,0,0,0,0,0,0,-100,0,0,0,0,0,0,0,0,0,100,0,0,0,0,0,0,0,0,100,0,0,0,0,-100,0,0,0,0,0,0,0,0,0,81.43773627807583,74.95183566619002,14.920161106102546,14.296063829826943,57.142857142857146,0.3984090599679365,1.373396113653884,21.31714775979509,27.17050241992956,0.1060008814608881,48.726707060647584,0.4840611347992904,0.5188832428151342,-0.0348221080158437,1.2101225255445769,83.78696610298607,82.85085601806641,81.91474593314675,1.4384817743276417,1.1276262723482515,0.0013919069826153,-0.0081317958801402,-29.94859245447024,-0.387162108659716,-0.1889183330089434,5.592218062978976,-0.193001937348632,56.28340562852153,-1.3576812744140625,-0.3666347412132676,50.0,-1.6244691496553831,49.90554083349553,55.67065691361418,-48.024226629529664,83.77392457852773,83.05551594917084,83.08912242542614,82.71122085464584,82.56237342911918,84.93192698015488,83.06739330111789,81.87646473215884,82.36372762095525,83.51866346597672,83.20875089605354,83.44246749877931,83.30254051119158,82.75770376938051,83.4424674987793,81.75774308236919,83.47213876299004,82.71516320848902,43.33668705552762,0,1,-0.0639495392488442,-1,0.2643142931577455,1.4885033172269568,25.48018307393448,2.636678614306902,36.5043955909584,2.0794519341187017,26670312.31640591,465118.0966116525,0.0982672767319895,-253020.7879165356,71.57270092381269,120598500.0,4.0,318474798.0602731,16.790000915527344,108.83999633789062,19.600000381469727,259720545.233826,-0.0107704080700734,1.309909185737434,0,1,-3,0.9594594594594594
63,63,AMT,280.4292514885772,280.46866679349955,277.5427042531848,278.7052001953125,973400,0.0,0,0,0,0,0,0,0,0,0,0,0,0,0,0,0,0,0,0,0,0,0,0,0,0,0,0,0,0,0,0,0,0,0,0,0,0,0,0,0,0,0,0,0,0,0,0,0,0,0,0,0,0,0,0,0,0,0,0,0,0,0,274.44446090962896,239.9283834432557,28.793953415822006,31.141447658383044,57.142857142857146,11.550913816826,0.0654984325446833,37.07890642292255,61.59340372291668,0.0974397569995844,55.28225353456836,2.0139203472912186,2.155263105022631,-0.1413427577314125,2.9259625403147425,288.7695029076612,282.9355529785156,277.10160304937,4.0101175059990055,0.1829530764849209,-0.0022166281336245,-0.5892253470474065,-2.0476380956170064,-1.3829848946220784,1.3118858792822885,2.3427500065870115,0.7113563156141643,60.76995318994856,5.595794677734375,-0.1030828927455417,58.333333333333336,2.048920529532694,50.65594293964114,58.73276712996955,-53.03230446076742,279.071424111682,281.85279483726623,281.71572709517045,281.04448651934007,283.3484553790154,278.8240189933849,282.88639670253,277.4000968721182,279.24832460080296,282.6349539756775,279.4495991586298,281.927387491862,280.2591574264165,281.75918817437406,281.927387491862,273.2689263819418,281.4977023672482,282.0222612811317,48.69251118822461,0,1,0.8955271750193674,-1,0.2595313477740159,4.297694611621385,25.28742119889939,4.17708987555136,41.65450792972633,2.0324282071859296,4194254.221612561,237528.661785536,-0.1172833121346132,-234684.66231553943,42.80782659108256,-2417800.0,4.0,2320178.084193159,16.790000915527344,108.83999633789062,19.600000381469727,272969833.39898103,-0.0167191525086524,1.1099717762002017,0,1,-3,0.9594594594594594
64,64,ANTM,372.0187561114488,373.26469536022654,368.6863936970904,369.0126953125,737600,0.0,0,0,0,0,0,0,0,0,0,0,0,0,0,0,0,0,0,0,0,0,0,0,0,0,0,0,0,0,0,0,0,0,0,0,0,0,0,0,0,0,0,0,0,0,0,0,0,0,0,0,0,0,0,0,0,0,0,0,0,0,0,377.87855448353184,346.4773198102836,16.124330880397245,15.416650918566578,-42.85714285714286,17.640388191137976,-1.3756286748767963,62.98027734574623,70.87033848678247,-0.1148463367099505,48.46924440978631,-2.525647791499296,-2.673845051514763,0.1481972600154675,4.578301663136188,375.34122239999806,372.0306030273438,368.7199836546895,-6.627610644766548,-5.159863985501829,-0.0162057633849047,-0.6565886261172248,-3.002871254556264,-0.9777800713415928,-11.59002346414596,-4.630900964976719,0.4073250497606711,49.13770877254762,5.4781494140625,-0.2030781315676537,41.66666666666666,1.50691302267405,44.20498826792702,47.2160606588039,-48.6378896205334,368.3563407843437,370.286462267686,371.30318326083096,371.0903433419608,372.7680713383661,365.6059515435273,372.1930632483085,377.3487708125552,372.8322641165186,371.6303310394287,369.95292781812736,371.137358601888,369.5185775515749,371.1060863753759,371.137358601888,377.14594975162606,369.35672428912255,371.7507508171436,60.05575270635622,0,1,0.845451018183087,-1,0.2354418766297371,6.6285480586833145,24.72075594221808,6.67460257798416,44.94564398526804,5.057324498534476,-5527248.821254407,-99127.38731224649,-0.0461269846331165,-881092.9063793013,19.01945250525,23527700.0,3.0,76616271.46313116,16.790000915527344,108.83999633789062,19.600000381469727,274401034.50780463,-0.0040502404821751,1.3421589155784974,0,1,-3,0.9594594594594594
65,65,CAT,209.96877783432848,212.4607830704044,208.96409118839307,211.534896850586,2599800,0.0,0,0,0,0,0,0,0,0,0,0,0,0,0,0,0,0,0,0,0,0,0,0,0,0,0,0,0,0,0,0,0,0,0,0,0,0,0,0,0,0,0,0,0,0,0,0,0,0,0,0,100,0,0,0,0,0,0,0,0,0,0,208.6732084973961,204.94240326895425,14.389325596421273,16.788288376182667,-35.714285714285715,6.988900147258239,1.1771303066904817,76.06059008482463,48.82521680798567,-0.0109300623745922,51.02479668533307,-0.3522499355066486,-0.4988028096362549,0.1465528741296062,3.496691882011333,214.06662987886136,206.0347534179688,198.00287695707613,-1.72833686153524,2.4460402268629764,0.017988728357158,0.4478859073383989,27.30288401754376,2.7871973534572163,7.506017615161149,2.676538215796565,-0.5918923449797846,41.3884210071824,-6.79638671875,0.4057239718470418,50.0,-3.11287810323877,53.75300880758057,46.802045907226166,-43.79562174812896,213.44378031249835,208.3203048030344,207.8963742342862,208.6732120113773,205.3745512374744,212.31451918716343,206.09598310002,209.6638026612491,207.8944225254494,205.88972169160843,210.0723110114459,207.5913619995117,209.3195438257888,208.232715392314,207.5913619995117,211.74982271695688,209.19089630165595,207.90797808276528,45.08096880508072,1,0,-0.6215239109290678,1,0.2381443384942362,4.734324276477268,24.98726246860648,5.998566385804622,59.67652705305239,4.055699512741963,7043820.567475933,1085550.0841549905,0.1140011689531635,1276360.48642984,55.13646882311266,94893300.0,1.0,220706810.9532052,16.790000915527344,108.83999633789062,19.600000381469727,545876828.6136872,0.0163051640848859,1.7354709446500176,1,0,-3,0.9594594594594594
66,66,LMT,349.5689173088412,350.5018961831486,347.9167406495232,348.6553649902344,953500,0.0,0,0,0,0,0,0,0,0,0,0,0,0,0,0,0,0,0,0,-100,0,0,0,0,0,0,0,0,0,0,0,0,0,0,0,0,0,0,0,0,0,0,0,0,0,0,0,0,0,0,0,-100,0,0,0,0,0,0,0,0,0,0,361.91815968172966,352.2642341996949,36.33112964503183,30.60419569960672,-50.0,37.96238013354723,-1.6716647130279032,64.56872986010376,49.10293296625776,-0.1989727592151657,38.8525788399799,-4.347844005090792,-4.648881866356448,0.3010378612656561,2.585155533625368,350.65121214146814,347.2072814941406,343.76335084681307,-10.215499370168745,-5.931593674879821,-0.0174059407839535,-0.3533838899533004,-14.913502624059976,0.3462682556200608,-18.655499929025325,-4.256056368803331,-0.5851136431203531,52.74083114035116,-4.421966552734375,-0.1230755207832029,58.333333333333336,-1.2524073786923997,40.67225003548734,37.14890242675472,-51.94803004640431,349.1981153297381,346.6321950449627,347.8828186035156,348.1240962101863,347.19531733959155,342.7615890576845,347.227497830452,352.846166055346,351.173737804234,347.2146180868149,349.0110702201739,347.7155741373698,346.82372781002164,347.649540579503,347.7155741373698,357.3018384023818,348.3250735367954,347.9615399186862,61.6058095514643,0,1,-0.3109909669922331,1,0.3456436478130755,4.446752137974305,24.072815487948063,4.927360627797611,51.27559463221488,3.807369838951524,-32326677.232349034,-554418.6034570597,-0.1379262753508105,-378019.13018370303,45.01771640541064,6780900.0,3.0,-16980209.09151731,16.790000915527344,108.83999633789062,19.600000381469727,333313962.6539801,0.0020057850322592,0.9414347688165606,1,0,-3,0.9594594594594594
67,67,SPGI,434.4902488475804,435.61342981719554,430.7429958427628,435.2059020996094,572800,0.77,0,0,0,0,0,0,0,0,0,0,0,0,0,0,0,100,0,100,0,0,0,0,0,100,0,0,0,0,100,0,0,0,0,0,0,0,0,100,0,0,0,0,0,0,0,0,0,0,0,0,0,0,0,0,100,0,0,0,0,0,0,417.1678556814121,363.3186529469874,18.48213646871591,20.17443361361747,-21.42857142857143,0.5168096443181119,1.3870754310797715,73.20726672328043,67.04921508673031,0.221515705096098,52.55270127933446,5.355562780075218,6.447658674944113,-1.092095894868895,4.870433974432785,437.498175053651,433.9344177246094,430.37066039556777,9.159927091214058,5.942859160594423,0.0157794387355063,0.1469382925188661,-9.5192305689203,0.5914023546226688,17.04656720549534,2.0262153397864013,0.0699880537977945,53.89696967530253,4.98272705078125,0.0939800469678494,58.333333333333336,1.1581726275474935,58.52328360274768,52.02240034093509,-32.63052452846294,437.7070391973104,435.7696552789051,434.55893499200994,434.5927382249098,433.5393528794287,436.87110487026325,433.81340007676334,431.9450100650575,429.9667113790501,433.2659904360771,434.6320433136572,434.4546875,437.5802686578632,434.220880299186,434.4546875,421.8437031933218,434.3648495717242,435.0187013149486,53.66113554112416,1,0,0.4357024060864773,1,0.3693716207285548,7.060211262588557,25.82040841124669,9.323416425276264,60.02073611700747,1.7381929109848573,8756887.667766199,722472.563005982,0.2839380119934734,225300.0897228077,35.82808486972039,14071500.0,2.0,47526814.44080845,16.790000915527344,108.83999633789062,19.600000381469727,248876014.539894,-0.0062170164985734,1.3584784231753677,0,1,-3,0.9594594594594594
68,68,INTU,575.1159553137601,580.7445070488438,548.9159195127894,553.4984130859375,2237800,0.0,0,0,0,0,0,0,0,0,0,0,0,0,0,0,0,0,0,0,0,0,0,0,0,0,0,0,0,0,0,0,0,0,0,0,0,0,0,0,0,0,0,0,0,0,0,0,0,0,0,0,0,0,0,0,0,0,0,0,0,0,0,511.6020790443778,420.5724322374862,43.97476245211599,45.43409841327929,71.42857142857143,69.56750051771098,1.368211188419691,80.54414398114797,85.05741857271867,0.2795291474948946,46.58622314722914,10.84458024786909,10.47941492368351,0.365165324185579,31.82858753605444,557.7932373650038,548.0810791015625,538.3689208381212,23.823789545198565,7.286307310446659,0.0393505095111066,-0.6791863510542181,209.11809299907625,0.282573673498192,47.4348568276179,5.801409916484417,0.877360301407917,73.67729722489624,23.2911376953125,1.725109671654605,75.0,4.392836306924108,73.71742841380895,67.65044997584852,-48.54460347068969,537.1740499213938,550.8711410900854,545.1113192471591,549.4420742221646,552.5091903532422,549.4461648308239,548.2609249699478,537.3375042322828,533.6678933200116,538.6232908964157,537.8085650633133,540.4408894856771,541.6616947535704,552.3262618331182,540.4408894856771,524.3765711073992,544.6651695009367,552.209746071026,35.15637830150096,1,0,-0.2311251206306224,1,0.4948621910559097,10.099069909586612,26.004556641851234,65.24109841195263,82.21583865374613,0.8084916167942797,34136846.75939548,458049.8973914832,0.1324259103779027,3028370.214715807,70.88535073854023,57191900.0,1.0,88202049.76313527,16.790000915527344,108.83999633789062,19.600000381469727,1286994484.8011322,0.0420758080892169,1.979443490835992,1,0,-3,0.9594594594594594
69,69,DE,365.8551996563336,376.077330320983,364.6356714314486,373.1623840332031,1657500,0.0,0,0,0,0,0,0,0,0,0,0,0,0,0,0,0,0,0,0,0,0,0,0,0,0,0,0,0,0,0,0,0,0,0,0,0,0,0,0,0,0,0,0,0,0,0,0,0,0,0,0,0,0,0,0,0,0,0,0,0,0,0,352.5500503098693,329.26677198806067,20.890615566244428,18.246106905526315,-42.85714285714286,1.569843205085813,2.121619448329529,71.1521160854811,47.81359829426714,0.2067854685648074,49.08528449235504,3.293545957792503,4.524431034502281,-1.230885076709778,11.44165888953438,377.0592729329579,360.41400146484375,343.7687299967296,2.7974793592565,7.691514430901975,0.0293272910846162,0.6386472842284594,17.90932888831244,3.794899167029122,15.130454588074867,2.8010866765109994,-0.6363936862894679,36.10126315301083,-9.627288818359377,0.4568238180875958,41.66666666666666,-2.51503358140297,57.56522729403744,44.87940323067859,-27.765164632027684,377.7427619350044,366.1173491724518,365.1862515536222,366.0397876659473,357.6028887199538,371.0835660158064,361.6644804577352,367.44075240949775,362.5862295895794,363.217500269413,370.54297025709855,365.7702982584635,371.53663782074136,364.1324216888567,365.7702982584635,360.294972806299,364.27101117392783,362.9347150792708,41.92798235363252,1,0,-1.044028895481142,1,0.3474928771352905,9.202097540020748,25.930721411860382,16.58739995306405,51.55196483739163,3.926409901946075,4832732.060966631,-121298.63823904748,0.0721411607147159,696131.7381640347,52.5627493033632,59722600.0,1.0,202666458.4254557,16.790000915527344,108.83999633789062,19.600000381469727,606404993.430373,0.0109588220555509,2.416510535395892,1,0,-3,0.9594594594594594
70,70,GS,400.9432243678363,407.57507265341536,400.0042097908764,404.0928649902344,1845300,0.0,0,0,0,0,0,0,0,0,0,0,0,0,0,0,0,0,0,0,0,0,0,0,0,0,0,0,0,0,0,0,0,0,0,0,0,0,0,0,0,0,0,0,0,0,0,0,0,0,0,0,0,0,0,0,0,0,0,0,0,0,0,371.06702921705306,317.6556359255194,25.20698979894185,20.493223575895968,35.714285714285715,36.09777644097984,3.614332064546079,80.25156303495002,57.87395760041483,0.3230356403296053,58.73841473818767,7.749271442245686,7.750928851167531,-0.0016574089218455,7.942595846774736,408.2087191563132,393.7186157226562,379.2285122889993,15.381483925832526,13.85379087007965,0.0542427070577664,0.4160213544459565,98.38620986720925,2.2215239028584186,31.879915129853003,10.283999951616485,-0.3720689825184907,52.23110147672278,-0.753204345703125,0.9250513322701296,58.333333333333336,-0.1860470936369984,65.9399575649265,58.12792988435628,-18.345568291490206,399.6366295467906,399.5010204692695,395.3115728204901,398.0269000713642,394.2564279267555,411.1193245720133,394.6324396360503,395.2587040134565,386.8544669769825,390.6179418563843,396.224332815755,393.2618174235026,398.2422193325961,398.6772333277276,393.2618174235026,383.3452867186127,396.21481012612736,397.9599400190435,53.58313273822063,1,0,0.3120297143612219,1,0.4761460347471298,8.283460276727327,24.03320396240764,13.30283266387562,57.03958054240511,2.476596839098751,29534703.57901205,1271340.8880487904,0.2130360778100955,4141996.898253408,69.32973427026023,100551900.0,2.0,268819991.2470299,16.790000915527344,108.83999633789062,19.600000381469727,739860531.9259683,0.01563475323498,2.0403711076921383,1,0,-3,0.9594594594594594
71,71,BLK,912.5729902138092,924.606380421578,909.3862333193272,918.4088745117188,329900,0.0,0,0,0,0,0,0,0,0,0,0,0,0,0,0,0,0,0,0,0,0,0,0,0,0,0,0,0,0,-100,0,0,0,0,0,0,0,0,0,0,0,0,0,0,0,0,0,0,0,0,0,0,0,0,0,0,0,0,0,0,0,0,865.7995487062784,767.431155218962,16.064853950666418,14.69114721344019,100.0,28.55123428528411,2.505430932579487,88.38400745658176,80.79093606433356,0.1799158787569865,56.48984482780747,12.750610825488934,10.191831002451554,2.55877982303738,16.29546733564041,926.4883478806372,902.752734375,879.0171208693628,28.004645060169537,21.93946994879309,0.0487992683176712,0.3834315305038449,170.85097212699566,1.084622702949183,36.47170516733924,8.66140265511795,0.4659304775833541,72.04930425585822,21.92596435546875,1.5979305547900466,75.0,2.44577605518963,68.23585258366963,69.70155783851787,-10.880324451565116,895.9490045009417,910.4023099398364,901.0802601207388,907.9964450222632,908.2272015811744,916.4559691624472,904.1954555948736,897.6792517226703,886.1677263561975,889.9699238538742,894.2428091914232,894.2449544270834,896.8930138369751,912.746098850773,894.2449544270834,877.9332304716194,897.3873113096381,911.7234923475764,47.24557128719975,1,0,3.5865513683243533,1,0.40816615355197,14.659536911291022,24.3260418915987,28.866487034463265,74.15696147265359,1.0295236336744618,1782681.4331679589,133098.8879754867,0.1263005788318495,1338182.8177119824,64.53440124879742,32445400.0,1.0,32382113.979052182,16.790000915527344,108.83999633789062,19.600000381469727,301057829.4715356,0.0048977941294179,1.753371592976887,1,0,-3,0.9594594594594594
72,72,C,70.98019442761006,72.05269583269488,70.23919034610356,71.35069274902344,17766600,0.0,0,0,0,0,0,0,0,0,0,0,0,0,0,0,0,0,0,0,0,0,0,0,0,0,0,0,0,0,0,0,0,0,0,0,0,0,0,0,0,0,0,0,0,0,0,0,0,0,0,0,0,100,0,0,0,0,0,0,0,0,0,67.56049130250476,65.09055643148157,15.732864347859364,15.570200923037833,35.714285714285715,22.021706387537805,2.9712620321948817,76.9228940148447,55.72635129513179,0.1817669876177152,56.91643790931933,0.7187017907636033,0.6542156758022415,0.0644861149613618,1.813506684745661,71.84205902499545,69.45918884277344,67.07631866055144,1.734806299890863,2.0293018634502715,0.0447021616366398,0.204299531571735,69.19305344193688,2.4001679389091786,22.30519590666486,6.67356076359816,-0.5428565876647872,42.84423986281098,-1.0920181274414062,0.7222923481240336,50.0,-1.507423057791979,61.15259795333243,52.94711782765791,-26.8877082379124,70.73548590060756,70.33866424115574,69.78891657049006,70.2057813097547,69.43584823608715,73.63958629725616,69.51585049222372,70.3465694811289,68.94867503919248,69.08682079613209,70.21245108342913,69.51313832600911,70.45577633194085,70.20128564838991,69.51313832600911,69.43443983118526,69.97751203837514,70.09921961973043,52.249721630597136,1,0,-0.0146251923536636,1,0.4088417063911687,1.5225567333782666,23.94640605100481,3.99751793143011,54.49728351489726,3.1740770756053727,-15039575.043562517,8866244.014204346,0.1262747961407707,4347667.37924465,59.46518538024289,140345700.0,1.0,673723129.5858159,16.790000915527344,108.83999633789062,19.600000381469727,1261076722.317577,0.0233343395865721,1.4741633419161095,1,0,-3,0.9594594594594594
73,73,PYPL,279.8160095214844,279.8299865722656,276.7699890136719,277.69000244140625,4392600,0.0,0,0,0,0,0,0,0,0,0,0,0,0,0,0,0,0,0,0,-100,0,0,0,0,0,0,0,0,0,0,0,0,0,0,0,0,0,0,0,0,0,0,0,0,0,0,0,0,0,0,0,-100,0,0,0,0,0,0,0,0,0,0,286.3335815429688,255.75406539916992,21.80453492921136,23.89367794286108,-64.28571428571429,5.918888159172857,-2.653983310452872,90.69094618213929,75.74671517909532,-0.238485227261298,50.070921578611575,-3.1969103497148126,-3.7463591343631495,0.5494487846483369,3.05999755859375,282.099316679726,275.54400024414065,268.9886838085553,-11.200037159639235,-7.488846803322815,-0.0158903616080007,-0.6947741099032612,73.64295453579386,0.397965597381017,-4.899264465511202,-2.804093698411526,0.1753808301024039,53.615950620270056,1.279998779296875,0.3943544717976537,58.333333333333336,0.4630797591760105,47.5503677672444,45.83583466153737,-29.68220449702218,274.47504706063506,274.91236805464035,275.0978193803267,276.7101431893302,277.0975394200744,260.5880207325944,275.2254287871958,279.12212784856587,277.12302133768344,271.8737853765488,274.3904498108525,273.3413319905599,271.4287926721084,277.1692158291572,273.34133199055987,280.9673620342723,274.22776015214816,277.4358514884028,55.70645636178626,0,1,0.3803955078125,1,0.3972969819088041,5.525319209640538,24.146184790153043,4.29998779296875,55.00932953741192,7.206780928613105,228776421.8043828,1999497.206469953,-0.0854014856649395,-2768520.410708045,48.54648600227159,277671000.0,3.0,408506412.7593256,16.790000915527344,108.83999633789062,19.600000381469727,1229119803.4240725,0.0031764846698756,1.7671846406031828,1,0,-3,0.9594594594594594
74,74,AMAT,130.77186369755557,133.41633423192525,130.67245675073335,132.04440307617188,6735100,0.24,0,0,0,0,0,0,0,0,0,0,0,0,0,0,0,0,0,0,0,0,0,0,0,0,0,0,0,0,0,0,0,0,0,0,0,0,0,0,0,0,0,0,0,0,0,0,0,0,0,0,0,0,0,0,0,0,0,0,0,0,0,134.7664604928338,116.48655527466268,17.842323255229097,14.18394587286764,-78.57142857142857,9.79503085605899,-3.4352034122493755,84.56151788473129,70.02676496975334,-0.1744354278252813,48.08643026809603,-1.7732141402893262,-1.4372882808725758,-0.3359258594167504,2.9824505649330604,133.54821559051783,129.47982330322264,125.41143101592748,-4.7505832647617865,-4.625275831956117,-0.019303063221071,0.4637741252439484,5.54466029686478,1.4317766410464372,-3.166745187246193,-14.968961068961857,-0.3669087161533519,44.92681325125599,-1.7436065673828125,0.1019303581715796,41.66666666666666,-1.3032607122478446,48.4166274063769,33.942303443913815,-57.63041271928722,128.81488275091544,129.05783001432306,129.31612243652344,130.3349345814098,129.99164051094738,128.4272162902627,128.91801585455593,129.9853933949232,131.4010819200526,127.76570802927016,130.29513899072413,128.38808263142903,130.3479315430891,129.4677978552278,128.38808263142903,132.08230320354906,128.7272644102527,130.11591707066816,44.95513101687267,1,0,0.1451161303207613,1,0.2867516427315795,4.142304902560722,24.83473711568477,4.553195614330775,51.85507083927932,7.853062023104493,25522757.21162685,1395828.195227202,0.023258246731935,-796756.8545899903,30.83418765805138,210591300.0,1.0,933627581.044256,16.790000915527344,108.83999633789062,19.600000381469727,880761579.1894064,-0.0001472953436231,2.284496289277056,0,1,-3,0.9594594594594594
75,75,NOW,623.0,627.77001953125,616.6599731445312,621.0700073242188,909500,0.0,0,0,0,0,0,0,0,0,0,0,0,0,0,0,0,0,0,0,0,0,0,0,0,0,0,0,0,-100,0,0,0,0,0,0,0,0,0,0,0,0,0,0,0,0,0,0,0,0,0,0,0,-100,0,0,0,0,0,0,0,0,0,568.3434008789062,531.7795498657226,29.828445583096105,32.505927865623505,71.42857142857143,44.79543914138161,0.6759384447548784,91.21448965487826,91.46827366197404,0.2294284459734452,64.68046775997668,12.505694194723446,9.800955491555316,2.7047387031681307,11.11004638671875,637.8784560905008,609.9579956054688,582.0375351204368,26.1407662784352,3.977822328225216,0.0553641168330856,-0.1737159871887137,157.1768937802174,-0.0515221040671543,46.09264138230465,5.588025624964805,0.8912725911338234,56.60895401131931,50.8699951171875,2.328103264822462,58.333333333333336,8.921430029488908,73.04632069115232,68.75423829928724,-10.951312535353606,583.3302991908959,614.21017796351,604.0827237215909,613.9734932425972,622.175984515579,592.917015222383,618.2231166037051,600.8650541907543,588.9327972401001,589.6613649129868,588.281538244426,593.2113301595052,592.4272933645047,620.2273544344278,593.2113301595052,576.0266352665602,599.6306475901013,620.7408938315626,39.11318428516067,0,1,5.382000732421875,1,0.4467042039313253,12.505521942642122,25.43012346624973,21.44012451171875,58.13062789812953,2.0212118544999136,24999734.958625063,807926.0347869322,0.0252458839808892,4843712.250088639,54.194295796946165,23707100.0,4.0,23107935.721158724,16.790000915527344,108.83999633789062,19.600000381469727,566618500.0,0.0048387096774193,1.5819008740861429,1,0,-3,0.9594594594594594
76,76,MO,45.77977526845094,46.33863930185734,45.62821451082669,46.082889556884766,4299100,0.0,0,0,0,0,0,0,0,0,0,0,0,0,0,0,0,0,0,0,0,0,0,0,0,0,0,0,0,0,0,0,0,0,0,0,0,0,0,0,0,0,0,0,0,0,0,0,0,0,0,0,0,0,0,0,0,0,0,0,0,0,0,45.05172753128104,42.60923487422311,18.29592716356249,15.530902690372905,71.42857142857143,25.03382132313363,0.8595219998627526,54.56812664674103,55.31684166935613,0.0722846049282965,51.98836201416316,0.2295079686945484,0.1926504677976177,0.0368575008969307,0.710424791030654,46.16684546316686,45.855550384521486,45.54425530587611,0.5836900631342274,0.3903088202843321,0.0148184036049556,0.4266662597656254,84.9384089580495,0.4978929193726542,16.762715527941314,3.2481123845517272,0.4755918166720755,63.05526574081382,0.4546775817871094,0.6354118339651944,66.66666666666667,0.9964834520258092,58.381357763970655,61.66963251070273,-21.13368012066873,45.85100793320724,45.97387136366484,45.85968385176225,45.89960071590397,45.86113789876723,46.53672645914676,45.87082506584982,45.49135213277806,45.57407593836015,45.80733777582645,45.73925181033743,45.827764638264966,45.80000382907642,45.97408735906231,45.82776463826497,45.38904410672552,45.843940934571776,45.93419416837308,54.061127598801306,1,0,0.0520977480373796,1,0.2209032035890911,0.6191619458225389,24.12229297576081,1.231407199041314,65.60118913153886,1.0964518435538937,-48996049.20107003,-422739.03791993856,-0.0268548698938968,204124.06220938964,55.66939773040191,86211800.0,2.0,47899348.13025528,16.790000915527344,108.83999633789062,19.600000381469727,196811831.85659745,-0.0035050877060898,1.302851446204082,0,1,-3,0.9594594594594594
77,77,EL,337.0664751635585,337.5724715105873,331.8974826814431,332.6812744140625,781800,0.0,0,0,0,0,0,0,0,0,0,-100,0,0,0,0,0,0,0,0,-100,0,0,0,0,0,0,0,0,0,-100,0,0,0,0,0,0,0,0,0,-100,0,0,0,0,0,0,0,0,0,0,0,0,0,0,0,0,0,0,0,0,0,0,318.7753876052722,286.2165978561537,13.88844235796686,14.230676346870352,28.571428571428573,26.22276797497645,-0.0808508020115978,84.06756854366722,86.1764216380758,0.0891851704572843,54.80719701156885,2.8533980116365,2.28831667443434,0.5650813372021601,5.67498882914424,338.4727702377053,330.73472290039064,322.996675563076,5.438001941246796,-0.2639281444060088,0.0191238949204333,-0.7727241200855826,149.36033725821687,-0.2154505527883159,21.69186472655492,1.399043662689471,0.586517456396949,47.90478326586285,7.66912841796875,1.3370717183267855,50.0,2.3596436356138284,60.84593236327747,58.52471776876643,-21.249950054269007,323.21514243178245,331.0951818393985,328.4367703524503,331.4075428355824,334.1835134795439,324.4574788673339,333.2312338926549,323.7435617902717,325.80981605851014,323.30211198329926,324.8160713080827,324.9833414713541,325.4387158883942,332.87398597570143,324.9833414713541,319.17935975180905,325.33274595576967,333.56397382685225,44.125498195065326,0,1,0.9663374253019754,1,0.2643617226575004,5.397736074119352,25.410696828312577,9.08789269735098,53.17650402979277,2.0293056066824304,1365711.9325732654,445061.9271441321,0.015280489045555,1560284.5302192825,51.2137213273916,26324200.0,3.0,37260309.602669865,16.790000915527344,108.83999633789062,19.600000381469727,263518570.28287,0.0097784197774468,1.743834651966249,1,0,-3,0.9594594594594594
78,78,BKNG,2240.330078125,2278.5,2210.169921875,2263.7900390625,340000,0.0,0,0,0,0,0,0,0,0,0,0,0,0,0,0,0,0,0,0,0,0,0,0,0,0,0,0,0,0,0,0,0,0,0,0,0,0,0,0,0,0,0,0,0,0,0,0,0,0,0,0,0,0,0,0,0,0,0,0,0,0,0,2191.5099853515626,2224.154696044922,15.198427301828003,15.332662015992554,28.571428571428573,27.23420229807152,-0.7071307549249318,91.201503936169,64.2119671568933,-0.1017912124752218,66.20603375588291,-5.372476527555591,-16.03401207711458,10.661535549558987,68.330078125,2314.2778775852066,2156.9640625,1999.650247414794,-29.63338479434742,-15.378391363682113,0.0409382369434778,0.343332856938688,141.11675834561652,3.458298049727934,20.863028526744426,-1.3079555927210762,-0.04575240505885,30.665289217171686,63.570068359375,1.8193045733920723,41.66666666666666,2.889259674297917,60.43151426337221,48.07909418925086,-6.684217007411746,2154.6390581434293,2181.306913601404,2158.0018599076707,2198.084950693837,2178.236978673451,2173.091325918314,2213.7267557905875,2151.15952304654,2158.7003050650305,2098.1788487434387,2147.7891601353376,2123.251359049479,2139.456887504819,2204.3457523257634,2123.251359049479,2207.5270358510024,2150.650959194729,2199.3397536401785,49.42799565587998,1,0,11.1590087890625,1,0.2030776483690227,59.65017757299762,25.54699971533863,120.420166015625,51.05949451371214,3.708083028808866,-114968.30221986093,393129.9332275653,0.0911533238610656,7877304.395335861,44.12900646697826,784500.0,2.0,36855803.01534493,16.790000915527344,108.83999633789062,19.600000381469727,761712226.5625,0.0420139898255813,1.352978899753425,1,0,-3,0.9594594594594594
79,79,PLD,128.73719787597656,129.51635582681115,127.90873870354552,128.73719787597656,2242200,0.0,0,0,0,0,0,0,0,0,0,0,0,0,0,0,0,100,100,0,0,0,0,0,0,0,0,0,0,100,0,0,0,0,0,0,0,0,0,100,0,0,0,0,0,0,0,0,100,0,0,0,0,100,0,0,0,0,0,0,0,0,0,125.00024429375732,109.02110637345363,37.55234509879251,35.90198738426075,57.142857142857146,3.936138946617519,1.3754002969456909,24.18003023928144,47.01879404649125,0.2077398710805811,50.316956802539096,1.552259064599724,1.810881521379512,-0.2586224567797877,1.6076171232656264,133.54537000583602,130.59532470703124,127.64527940822646,3.245974826453903,1.7647823431553036,0.0033258824994506,0.0,-42.09888967311048,-0.9363566005497272,4.394829856884511,5.012617140058027,0.4050476132764159,60.02508886980479,1.6076126098632812,-0.5974351948228293,50.0,1.2645464126215478,52.19741492844226,60.53467737305087,-66.50718018040224,130.6553645536564,130.58890406843796,130.57685463645242,129.87292256388633,130.31391096789108,131.4694195829407,130.46943016668035,128.82643495031985,128.8290392122678,131.47314417362213,130.19307498631807,131.13612721761066,130.87395919030013,129.99922103605246,131.13612721761066,126.1349372599892,130.77957565336845,130.10013431617026,53.23341895995654,0,1,0.1893642443864052,-1,0.2942103391827404,1.8175775527118456,24.66589470820339,3.432214227000003,44.5892728596365,1.1771156427397793,20035484.72102163,673017.58849255,0.11006569969963,-366344.2740935042,45.69519020145557,78146500.0,3.0,27773750.105020847,16.790000915527344,108.83999633789062,19.600000381469727,288654545.07751465,-0.0214408955465132,1.4329093908901598,0,1,-3,0.9594594594594594
80,80,ADP,204.93107991287533,205.29421927024848,203.0564673295767,204.33238220214844,1202800,0.0,0,0,0,0,0,0,0,0,0,0,0,0,0,0,0,0,0,0,0,0,0,0,0,0,0,0,0,0,0,0,0,0,0,0,0,0,0,0,0,0,100,0,0,0,0,0,0,0,0,0,0,0,0,0,0,0,0,0,0,0,0,201.68927559428528,182.29063357654945,24.75467301602612,23.58866589486581,-78.57142857142857,25.55902454688026,0.9316730150088908,26.946940311367484,35.002646168015964,0.1565495786524762,44.46583521766101,1.0951551784556557,2.1945375107354543,-1.0993823322797986,2.237751940671785,209.45296176817504,206.2678375244141,203.08271328065308,0.8870778530359473,1.9279625721466689,-0.0125795524222331,-0.2675442705893323,-133.53576946725798,0.0819770019688655,-8.288852379488203,-0.9497526466692444,-0.8669800108186808,53.79330083710466,-7.91064453125,-1.688635391656225,50.0,-3.7271634564402745,45.8555738102559,40.72130319613843,-87.32942318613743,210.78326342122696,206.1562338464159,206.88866271972657,205.6605219274134,204.8823685925488,208.79702286389025,205.6220661332865,208.16748514483947,206.61786330329988,207.6731155514717,209.38662805712585,208.01125590006512,210.1713033868392,204.5346985344724,208.0112559000651,203.71468805477548,207.5820151466956,205.37208740285263,50.96531256950605,0,0,-0.5663075016779544,-1,0.3303320940473296,2.8040331217788927,25.253513640638403,4.47550388134357,55.283330318718406,2.157636207418343,24695117.079335988,-214059.5995841697,0.0238377556065346,-1367836.4124791725,50.439236871376366,58869400.0,2.0,33016816.01176652,16.790000915527344,108.83999633789062,19.600000381469727,246491102.91920644,-0.0094406295258699,1.395204285705936,0,1,-3,0.9594594594594594
81,81,SBUX,113.71220719286028,114.10571059133122,113.13179549684178,113.69253540039062,3881500,0.0,0,0,0,0,0,0,0,0,0,0,0,0,0,0,0,100,0,0,0,0,0,0,0,0,0,0,0,-100,0,0,0,0,0,0,0,0,0,100,0,0,0,0,0,0,0,0,100,0,0,0,0,-100,0,0,0,0,0,0,0,0,0,114.46690392797318,106.64454584568809,22.16135490841642,20.92377854041454,-64.28571428571429,21.754964405881097,-2.3454079301540984,58.52146961358658,42.41885685420462,-0.0728018634212346,44.966931673006094,-0.746733845195223,-0.3849304138515369,-0.3618034313436861,0.973915094489442,113.93597523659484,113.08260803222656,112.22924082785828,-3.3169405712973514,-2.735815048217773,-0.0253165165492001,-0.0201986729448712,-45.7751700824188,0.8122047190198731,-10.711254022530326,-6.345927605299413,-0.5695391320347637,45.41141962407807,-0.914886474609375,-0.2940366087231141,50.0,-0.7982785579167984,44.64437298873483,30.30257214212675,-61.860911193741615,114.67454218974356,112.94234732833884,113.53459902676668,113.42534087921356,112.79787714022788,110.1480389789811,113.17061361245425,114.5085841061757,114.49341512643872,113.5458944439888,114.15096122350648,113.7177853902181,113.83255559731332,112.9346506506583,113.7177853902181,114.65652112295588,113.90510853774876,113.159692949026,50.72628392541921,1,0,0.0914884710947122,1,0.340660842256564,1.6034917241159057,24.05507160914387,2.42986296485779,47.9389641843048,5.356883786143986,103078350.75082213,16108.236487403512,-0.1097991409703473,-905661.7251578936,53.77829153048063,146338100.0,1.0,429252570.5082679,16.790000915527344,108.83999633789062,19.600000381469727,441373932.2190872,0.0017331822379733,1.560230202555522,1,0,-3,0.9594594594594594
82,82,CB,183.6238993974512,185.36236021914223,182.8929693446636,184.39434814453125,2028100,0.0,0,0,0,0,0,0,0,0,0,0,0,0,0,0,0,0,0,0,0,0,0,0,0,0,0,0,0,0,0,0,0,0,0,0,0,0,0,0,0,0,0,0,0,0,0,0,0,0,0,0,0,0,0,0,0,0,0,0,0,0,0,167.0088316164964,159.90072699208224,48.45621526008047,35.33485744267045,85.71428571428572,70.37469624406923,4.191933127567928,58.48424959103085,65.12975538168097,0.4334591316365488,55.767625514181205,4.964696242566902,4.654556257312648,0.3101399852542537,2.469390874478705,184.5925882456777,183.55674438476564,182.5209005238536,12.29835415170396,7.306103926438539,0.0579767059242319,0.3119995117187568,84.89143882580086,0.0810583193787826,52.201954019366845,15.541386644655216,0.9070616235440392,80.86457244425921,5.53143310546875,1.2124461498388517,75.0,3.0925544874747857,76.10097700968342,94.40854821134393,-8.454734268353546,181.2169662143063,185.2164715360135,183.11045532226564,183.5834981211416,184.06790537206905,189.49855253463576,183.6604190778796,183.31359007809488,176.4711316689241,182.8060222566128,180.93422661006952,182.63253173828124,182.6723316359595,184.8322312992716,182.63253173828124,177.69680746443174,182.5396680428344,184.17496167344464,37.68419616673159,1,0,0.7664998868799188,1,0.5535589953217008,3.0403631250435885,24.64514419462936,4.721477394445628,66.84971868703754,0.1657650167915465,8741349.145593,749362.1282528928,0.2273042313075027,1373875.081161641,93.392004821749,65035700.0,1.0,101385533.95944642,16.790000915527344,108.83999633789062,19.600000381469727,372407630.36797065,0.0005381816010903,1.5294890173355653,1,0,-3,0.9594594594594594
83,83,NFLX,550.1599731445312,552.8400268554688,545.4500122070312,547.5800170898438,2065600,0.0,0,0,0,0,0,0,0,0,0,0,0,0,0,0,0,0,0,0,0,0,0,0,0,0,0,0,0,0,100,0,0,0,0,0,0,0,0,0,0,0,0,0,0,0,0,0,0,0,0,0,-100,0,0,0,0,0,0,0,0,0,0,523.39919921875,518.7083499145508,23.762840552651493,20.760966046339867,50.0,40.3011066050564,1.3400844641388772,88.38931589471754,90.31846680204492,0.0824480768527813,63.05018925989232,7.211730644525573,3.190108617664864,4.02162202686071,7.9599609375,556.6077469655946,548.9820068359375,541.3562667062803,20.574829011804923,7.0068635206955605,0.0472638315383613,-0.3491137944135186,100.35656147284512,-1.775203517082926,31.274990790230568,8.981458122063765,0.9124824427624008,66.44416709387735,35.17999267578125,1.8298869590338167,66.66666666666667,6.865728141994154,65.63749539511528,81.40700381641044,-16.483918774600273,517.2710744372868,548.5602647468972,540.9974548339844,547.1360172725224,558.2737343529683,534.1060002592524,553.2394409569642,540.547277349399,528.9476641814236,533.2748240828514,526.1108875808364,533.3923309326171,527.3673807830901,554.1664300002171,533.3923309326171,529.6438466938628,536.1933610883518,553.169577329504,39.26853269291653,0,1,3.959005737304688,1,0.350233544945885,10.360708668112336,24.25656321645609,15.4500732421875,65.92256148828042,1.4175812491215911,62922313.5756598,2861374.444598198,0.1864182503645546,14144160.483620618,75.90115404052328,61722400.0,4.0,475306984.0736464,16.790000915527344,108.83999633789062,19.600000381469727,1136410440.5273438,-0.0023935725157181,1.2848200781426706,0,1,-3,0.9594594594594594
84,84,MDLZ,61.22071614771309,61.22071614771309,60.68973301051835,60.83722686767578,5669400,0.0,0,0,0,0,0,0,0,0,0,0,0,0,0,0,0,0,0,0,0,0,0,0,0,0,0,0,0,0,0,0,0,0,0,0,0,0,0,0,0,0,0,0,0,0,0,0,0,0,0,0,0,0,0,0,0,0,0,0,0,0,0,62.02949375193382,58.20830238272565,14.41998708854413,15.659137603839884,50.0,27.68187536466142,-0.3504033830533147,12.69003432926034,30.04907648486628,-0.0206008541791646,42.79006561707023,-0.1286364237417316,-0.0535166425371789,-0.0751197812045526,0.5309831371947311,63.212727853918885,61.82839889526368,60.444069936608464,-0.4015367013474957,-0.217650927030121,-0.0205614834314287,-0.7222249694469355,-90.53000806699023,-0.8318478563950801,-18.862036041977152,0.9254759548842716,0.011260260593327,58.85504587741013,-0.5899848937988281,-1.1955275618424706,50.0,-0.9604617837608688,40.56898197901143,50.84050605456082,-89.28575774137543,62.29051743130584,61.576379472816285,61.88632493452592,61.469911455274456,61.5278537865885,61.51961903633167,61.52285804192226,61.88610682847401,61.850567523705934,62.400242418050766,61.98818820264341,62.25318819681804,61.86277083585742,61.427074758862325,62.25318819681803,61.89844771852963,62.04099559924053,61.42721356522478,51.770479023898034,0,1,-0.0894809507054146,-1,0.27230397792596,0.7507009723104219,25.10819525628761,0.6883128625242281,38.92438058678432,3.243683267160695,-39472350.98556788,-2143153.342994533,-0.1738031946059017,-814932.3115254268,66.43967998030915,179425800.0,4.0,163221191.95283264,16.790000915527344,108.83999633789062,19.600000381469727,347084728.1278446,-0.0134685114822937,1.2156877602850304,0,1,-3,0.9594594594594594
85,85,SYK,269.7471224269962,270.8389408509229,267.59329135883894,269.4692077636719,921200,0.0,0,0,0,0,100,0,0,0,0,0,0,0,0,0,0,100,-100,0,0,0,0,0,0,0,0,0,0,-100,0,0,0,0,0,0,0,0,0,100,0,0,0,0,0,0,0,0,100,0,0,0,0,-100,0,0,0,0,0,0,0,0,0,260.307884607003,245.71288040855327,12.646900147820286,14.662332940036377,78.57142857142857,21.788961335769976,-0.1385192836580407,80.78826427643548,71.63538769803283,0.0496542800404231,64.36286503610106,1.7666387866995024,0.9860596090622772,0.7805791776372253,3.245649492083942,271.70776900583166,265.5029541015625,259.2981391972934,3.670938434826724,-0.363559625087646,0.0267004103749131,-0.0856268256945691,160.28129212683362,0.7126914769015702,23.66329357002772,2.0072846767571484,0.8775400251346905,64.59011672263651,13.866012573242188,1.7221517695165265,75.0,5.424819733928499,61.83164678501386,59.68191471160732,-6.577714204855641,262.0472568683463,266.76592099250325,265.1117054332386,266.9368019370766,266.9639659688941,263.07028770095764,266.56896223554253,263.755298782832,262.5407207316041,263.08211010694504,261.3290774337528,263.451670328776,262.01884223241814,268.2362176673199,263.45167032877606,258.2492852845147,263.8107500482489,267.46274702832346,42.40949510433708,1,0,1.608930482107033,1,0.2896154249435724,4.574310371933168,25.61998127276212,6.878383945105384,77.84016999066249,3.183224478500124,15836991.662308296,1076337.517635092,0.1099234379502181,977186.3433311651,57.84039104415268,32548800.0,2.0,55479851.79973032,16.790000915527344,108.83999633789062,19.600000381469727,248491049.1797489,0.0262441852338701,1.410877136343652,1,0,-3,0.9594594594594594
86,86,ADI,163.21983388071402,165.00815969789628,160.24255439363668,161.14654541015625,19156400,0.0,0,0,0,0,0,0,0,0,0,0,0,0,0,0,0,0,0,0,0,0,0,0,0,0,0,0,0,0,0,0,0,0,0,0,0,0,0,0,0,0,0,0,0,0,0,0,0,0,0,0,0,0,0,0,0,0,0,0,0,0,0,163.9432185994698,152.43898667883877,15.25068253037002,16.182112192806382,-64.28571428571429,0.8105564465384494,0.3689987372302426,40.513877959026864,51.53538292693022,0.0558940902245952,47.52268487174977,0.0175722452517561,0.6241788338198198,-0.6066065885680636,4.765605304259594,167.2578627879665,163.6836181640625,160.1093735401585,0.5116776390578934,0.6069466028458237,-0.0202948416457593,-0.4350524934796054,-115.65336717688396,-0.7224931376850267,-14.006743487145684,-2.7426856038205227,-0.7432245142209074,47.03487982751847,-6.34759521484375,-1.1930517444568618,33.333333333333336,-3.789741653742551,42.99662825642716,41.543272546508575,-76.4551082598905,166.02180932761107,163.28155899819183,163.87924388538707,163.05931795560394,163.29362934766675,166.29217699385134,163.62937621980052,164.81596028720915,164.27712436790767,164.0711725652218,165.54308614912932,164.45954030354818,166.0253003296957,162.3124615587323,164.45954030354818,162.77683765158665,163.72679320891356,163.12419899059853,60.60135135356982,0,1,-0.6858535127089368,-1,0.2854749342691571,4.031203263767691,25.72360692612406,7.7134005499254386,41.13310924934989,2.604783763532821,30082599.47247547,-3879157.6176573336,-0.050274457416022,-5095134.032008397,36.50470770674493,55624500.0,3.0,60479118.987392105,16.790000915527344,108.83999633789062,19.600000381469727,3126704425.75251,-0.0219617762755923,1.3983037958209783,0,1,-3,0.9594594594594594
87,87,DUK,102.15997868323008,102.96653220347028,101.47975728896552,102.40291595458984,2357900,0.0,0,0,0,0,0,0,0,0,0,0,0,0,0,0,0,0,0,0,0,0,0,0,0,0,0,0,0,100,0,0,0,0,0,0,0,0,0,0,0,0,0,0,0,0,0,0,0,0,0,0,0,100,0,0,0,0,0,0,0,0,0,99.89214530823924,92.5480867753747,26.24692250827573,28.280157602311306,-42.85714285714286,4.61413798239904,0.8998825832289852,17.666539087155538,27.71404734735255,0.1685896778873097,46.74276036647953,0.8230620339310377,1.1341538762784928,-0.3110918423474551,1.486774914504764,104.67983198101314,103.09286193847656,101.50589189593998,1.626410686456751,0.9221145923321076,-0.0006599905729705,0.1633988231774139,-107.22258197784798,-0.2281754805146149,2.900320284802706,1.4418363693503478,-0.159429340107471,48.78280826074531,-0.7531051635742188,-0.604306548458246,50.0,-0.7300641837586386,51.45016014240136,50.875144730067866,-75.18801502702136,103.78117454893636,103.14951128197931,103.283676702326,102.80079261406316,102.63078143186964,104.15780310251908,103.08177734247327,102.48445549580217,102.5725317296476,104.02824473381042,103.52050382532256,103.77049255371094,104.0438352967612,102.61238573048806,103.77049255371094,101.01571510549344,103.4516158623232,102.68243432928472,61.22253476864936,1,0,-0.0447003807461413,-1,0.3206176407159801,1.474291397550204,24.788269175369187,2.7500543456110904,47.33247563043063,1.2874271968736106,23652762.16694748,-661585.813210249,-0.0179615960000533,-344532.2693749751,46.879393244770654,91897700.0,2.0,191997924.8731452,16.790000915527344,108.83999633789062,19.600000381469727,240883013.73718816,-0.0084882039742082,1.2453985605874855,0,1,-3,0.9594594594594594
88,88,GE,103.09672828195976,104.86221649686524,102.2887939000493,104.43331146240234,7867100,0.0,0,0,0,0,0,0,0,0,0,0,0,0,0,0,0,0,0,0,0,0,0,0,0,0,0,0,0,0,0,0,0,0,0,0,0,0,0,0,0,0,0,0,0,0,0,0,0,0,0,0,0,0,0,0,0,0,0,0,0,0,0,103.35948379455776,98.4763113845514,14.636229177322551,15.02913623061857,-35.714285714285715,0.0043944895496821,-0.1473105456198227,79.06404201493456,54.52625476299321,-0.0525689001833584,55.61119820249954,-0.4212948477085803,-0.4266117519009526,0.0053169041923722,2.573422596815945,105.40453089964154,101.42300262451172,97.4414743493819,-1.6151104037984538,-0.1518548329671176,0.0130812297388405,0.5193795928023276,37.34207039181043,2.638010430770126,8.079629111121788,-2.6774985098569704,-0.5868267996533632,45.68286496175805,-1.3365859985351562,0.4750322544069199,50.0,-1.263673342435434,54.039814555560895,40.79556831257879,-29.31637807256868,103.57493516146435,102.17930913160328,101.9396840875799,102.64773442195012,101.41446836837694,103.75546272801722,101.53143864450466,102.07184355665372,102.50492586491272,100.69074736535548,102.8413988613436,101.45392608642578,102.58941582876656,102.33950489385988,101.45392608642578,103.8342376396752,102.175666985585,102.38068110088363,51.49507393150641,1,0,0.0847825772155758,1,0.2246902015419634,2.685823107758843,24.426416387245578,3.900032287336586,63.36957399234023,3.635099450929995,-126373363.94116238,4031956.14324145,0.0733956856869737,1496722.3184022089,63.343139888222936,207156213.0,1.0,1239406893.0133686,16.790000915527344,108.83999633789062,19.600000381469727,811072271.0670058,0.0204363236292528,1.840244695782248,1,0,-3,0.9594594594594594
89,89,MMM,189.1905179464942,189.70599574499207,187.439831630498,189.01544189453125,1612600,0.0,0,0,0,0,0,0,0,0,0,0,0,0,0,0,0,100,0,0,0,0,0,0,0,0,0,0,0,-100,100,0,0,0,0,0,0,0,0,100,0,0,0,0,0,0,0,0,0,0,0,0,0,-100,0,0,0,0,0,0,0,0,0,191.2949257569648,180.3720169918067,9.81990545201614,9.08378438139707,-50.0,14.064401325826315,-0.1765512838050077,37.65761897614144,27.551510630807886,-0.0300982638211877,42.3476398847001,-0.7964069542180141,-0.3770869429774392,-0.4193200112405749,2.266164114494245,189.66732128360235,189.036849975586,188.4063786675696,-3.126290470194391,-0.338646424122345,-0.0145793208377656,-0.0772565635662355,-92.9712325594353,0.6338010052648498,-15.09808736017918,-1.6446087461646288,-0.8096895436064101,49.39914667694197,-5.5467376708984375,-0.874359611969256,50.0,-2.850881750650369,42.45095631991042,38.03620888455863,-80.97232200245072,193.56757781627863,189.200595276364,189.9869268243963,189.3741562849992,188.063614878061,189.5513304476628,188.965002896326,191.1510097401627,190.97017526955943,190.1922614872456,191.8002228927912,190.68075307210285,191.35770209913528,188.6459398042027,190.68075307210287,190.69194132782008,190.86762296533607,188.8919709363533,50.00594959055826,0,1,-0.4223607565291217,-1,0.188109454543124,2.547250363333871,24.072230654500007,4.580949318421972,49.60455903307279,2.246462580161651,2715701.2925939,-701540.0046095168,-0.1310661170711216,-638673.7745195726,54.31333643975751,81030100.0,3.0,31776778.408299785,16.790000915527344,108.83999633789062,19.600000381469727,305088629.24051654,-0.0015399136989756,1.2659257560720645,0,1,-3,0.9594594594594594
90,90,EOG,65.23737422555439,65.94161223307707,64.49506105681957,65.40867614746094,2362900,0.0,0,0,0,0,0,0,0,0,0,0,0,0,0,0,0,0,0,0,0,0,0,0,0,0,0,0,0,100,0,0,0,0,0,0,0,0,0,0,0,0,0,0,0,0,0,0,0,0,0,0,0,100,0,0,0,0,0,0,0,0,0,71.69114758050708,63.202410096305975,33.04316960512964,29.249051355993025,-64.28571428571429,14.076497752330583,-4.009611554018052,92.51779615073154,71.8599316952914,-0.5444016738807567,53.25452522343148,-2.1473094511048174,-2.4854447206144763,0.3381352695096589,1.4465511762575003,67.1959079487875,63.48628082275391,59.77665369672031,-5.050870346498087,-2.672620968940926,-0.0187034126361327,0.1184209205440885,33.532775400285374,1.9390045886159435,-9.758922502269384,-12.945493208184825,-0.3074647519703475,49.36045962358572,-0.6947097778320312,0.4501474653084945,58.333333333333336,-1.05094431715973,45.120538748865314,35.63044282287952,-36.75194186257319,63.91793313433692,63.44811751454482,63.59875092939897,64.38398430564187,64.04944035694162,63.045641687339206,63.38789358268552,63.90513956724904,64.85505251731938,62.20057040452957,63.90348075960213,62.87276624043783,62.97436005659898,64.26300074785004,62.87276624043783,67.84714770630963,63.36993238741377,64.39463381212374,41.27651457673277,1,0,-0.0542469384293461,1,0.2936135251363356,2.1386833705854467,23.31722821000316,2.816993259678469,63.83924926683683,8.293183899061221,-14054025.832008263,-140504.59302137047,-0.1188972404383229,290486.43589531985,42.202769860996895,29283600.0,2.0,371191995.0037338,16.790000915527344,108.83999633789062,19.600000381469727,154149391.55756247,0.0057221219706393,1.388756877113945,1,0,-3,0.9594594594594594
91,91,BA,221.5,222.3000030517578,219.1000061035156,221.02999877929688,6528900,0.0,0,0,0,0,0,0,0,0,0,0,0,0,0,0,0,100,0,0,0,0,0,0,0,0,0,0,0,0,0,0,0,0,0,0,0,0,0,100,0,0,0,0,0,0,0,0,100,0,0,0,0,-100,0,0,0,0,0,0,0,0,0,230.7770004272461,228.24565032958984,18.593153920349494,18.12963128444876,-42.85714285714286,17.457728950473822,-0.3678327675672992,73.60146207942152,47.98552065260972,-0.1278596994811476,42.202669054937,-3.1228265887731936,-2.1977537501980446,-0.925072838575149,3.1999969482421875,225.49784866281604,217.33799743652344,209.17814621023084,-8.564027763815488,-0.8321806100698552,-0.0230236659856704,-0.1468755215411391,-48.30824134652356,2.56315303298263,-10.9530919163126,-8.094258660615381,-0.808817468361497,48.775083967326346,-18.460006713867188,-0.8413506205873352,41.66666666666666,-7.708048891582708,44.5234540418437,33.2509234211327,-66.60046609779972,229.8619095438197,218.6594440448333,219.9669070157138,219.9096472680152,215.9050152402837,227.2674709324031,216.183617376942,223.84316320152124,223.25880141562487,217.89785173535347,226.20907803842533,220.3909993489584,225.2919553655057,217.48409970520447,220.3909993489584,229.93529483856787,221.7960217508929,218.6229861410336,35.65453806745906,0,1,-1.4279998779296874,1,0.3002309892024142,5.903721843899588,24.09776455998138,6.0,51.38130500937165,6.498277642916248,-599320934.778602,-3895849.8340489855,-0.1252166053810123,-3748523.470033205,42.56603472752862,69042900.0,4.0,3336778478.0444827,16.790000915527344,108.83999633789062,19.600000381469727,1446151350.0,0.0063150215155787,1.2350152911182877,1,0,-3,0.9594594594594594
92,92,CI,207.4341058651557,209.5344552719415,205.39264238011847,207.47335815429688,1740000,0.0,0,0,0,0,0,0,0,0,0,0,0,0,0,0,0,100,0,0,0,0,0,0,0,0,0,-100,-100,100,0,0,0,0,0,0,0,0,0,100,0,0,0,0,0,0,0,0,100,0,0,0,0,100,0,0,0,0,0,0,0,0,0,222.58567743218592,223.81693712372487,44.43062446896222,40.23695746197127,0.0,29.373806387279867,-4.048230438828018,67.3102531968887,52.646967215944365,-0.4280831374047333,47.69834218704693,-5.619278275166607,-6.227276326094106,0.6079980509274989,4.141812891823037,209.52932954095976,205.0746459960937,200.6199624512277,-12.941254768897238,-8.676025390625,-0.0319300302720907,0.0094770792805997,72.44535470888204,0.9813312547009116,-20.176318302885125,-10.931241158503395,-0.2195789964821754,60.32742772140705,0.0883331298828125,0.3845254408017287,58.333333333333336,0.0425937841328716,39.91184084855743,33.98438917760099,-23.41858430246854,206.07115803806883,204.0070222778556,205.32786587801849,206.1926469069261,205.3785506123119,198.2880884136539,204.9591085686991,209.53941456285827,208.6051196426648,203.757816106081,205.4842897246576,204.5718027750651,203.0996646720298,205.8105757773353,204.5718027750651,216.25623780347647,204.80861389208127,206.0142981463023,64.09261052797157,0,1,0.0235529061700361,1,0.3742415327398537,4.275814210801586,24.95347593173284,8.774378957474198,63.24796197995544,9.719157877080091,-28397099.82672743,-442647.7810992487,-0.056706140278495,-3004125.221289264,52.89031556563626,-462200.0,3.0,17696471.268957492,16.790000915527344,108.83999633789062,19.600000381469727,360935344.2053709,0.0055187505475342,1.0436496368161954,1,0,-3,0.9594594594594594
93,93,CHTR,792.6400146484375,798.97998046875,787.5700073242188,796.6699829101562,822400,0.0,0,0,0,0,0,0,0,0,0,0,0,0,0,0,0,0,0,0,0,0,0,0,0,0,0,0,0,0,0,0,0,0,0,0,0,0,0,0,0,0,0,0,0,0,0,0,0,0,0,0,0,0,0,0,0,0,0,0,0,0,0,736.9868041992188,668.0381512451172,41.84794245379254,36.18511001299847,64.28571428571429,41.80652179298796,2.946324167641716,73.6628450838226,75.19315138480205,0.343127341005367,56.97239632144813,17.50102587494746,16.88803391082591,0.612991964121548,11.40997314453125,801.7921495301408,793.2900024414063,784.7878553526717,42.44120447495402,22.44833843524634,0.0456221653347272,0.3531969979833209,89.30358792529759,-0.2608374640640032,44.79317207286714,9.016301322723168,0.93245164996185,57.46742124692421,20.01995849609375,1.184104032017388,66.66666666666667,2.577732294697044,72.39658603643356,78.62776907390678,-13.663892164923194,779.4209792996147,798.7425977063766,790.8903642134233,793.886082789281,797.7016017106138,808.017279809311,794.0008687979933,784.2470916272197,770.2215250364326,787.9053255319595,782.0275331835779,787.5033325195313,789.8313145656666,797.9245890329884,787.5033325195312,764.6678396222011,788.4249392340768,797.2953404651014,48.4177108092388,1,0,2.4260009765625,1,0.5590638274583274,11.916086041692736,24.637315742753604,18.78997802734375,62.24133016945185,0.3481641446884394,-1660834.3612557198,197127.5826840448,0.206927786123429,2152171.170270011,53.825490399232265,36373800.0,2.0,39708811.79712743,16.790000915527344,108.83999633789062,19.600000381469727,651867148.046875,-0.0052708348796252,1.4879389948648687,0,1,-3,0.9594594594594594
94,94,ZTS,203.4626295799061,204.14950130339705,202.0590234657774,203.50244140625,780700,0.0,0,0,0,0,0,0,0,0,0,0,0,0,0,0,0,100,0,0,0,0,0,0,0,0,0,0,0,100,0,0,0,0,0,0,0,0,0,100,0,0,0,0,0,0,0,0,100,0,0,0,0,100,0,0,0,0,0,0,0,0,0,196.2711770844436,170.980313848989,21.91691152636225,30.810470600487672,85.71428571428572,3.76455527680195,0.3246763738882454,44.5012333086006,61.02212666887275,0.1566334828293936,47.32208946034593,2.2451225095799714,2.405200468397772,-0.1600779588178005,2.090477837619602,206.9178517167788,204.94188537597657,202.96591903517435,4.190418462234163,0.6554772792718211,0.008004958258617,0.0190443666167789,26.211091347698584,-0.8279953622502235,12.48227270853577,2.565941144783279,0.7837108190442326,51.36433204607528,6.988128662109375,0.4185313803571621,50.0,3.556040557314444,56.24113635426789,59.51809869607706,-35.60351168812403,202.24112147334287,204.80414543687075,204.32596629749645,204.24166325922613,205.37390486590368,201.50623304823543,205.09023344836896,200.72953601079075,201.85991453384264,204.62421211600304,202.3304594655825,204.2161956787109,203.24520112901484,204.81904554454235,204.21619567871093,195.988986533569,203.80540280136583,204.80107199186915,49.839798164170176,0,1,0.7157394833147634,-1,0.1969853011190794,3.0888674565306617,25.27722863683473,4.738420274848579,40.16309376182725,1.7615000571361636,1919637.9191910727,-236145.16268426063,0.0085601186435665,82810.45375559747,49.37969409264246,60026300.0,4.0,51807602.64090461,16.790000915527344,108.83999633789062,19.600000381469727,158843274.9130327,-0.0082487732085534,1.4949957824628874,0,1,-3,0.9594594594594594
95,95,SO,63.68167057356933,64.20572054267465,63.46816791163399,63.92428588867188,3037100,0.0,0,0,0,0,0,0,0,0,0,0,0,0,0,0,0,0,0,0,0,0,0,0,0,0,0,0,0,0,0,0,0,0,0,0,0,0,0,0,0,0,0,0,0,0,0,0,0,0,0,0,0,0,0,0,0,0,0,0,0,0,0,61.0582634070967,59.19674843547991,37.7860945001175,30.21907280373876,78.57142857142857,27.471699705928675,2.0809337401964383,30.04944118811873,52.25818326617131,0.239971047282772,54.44483432501108,0.941374855610256,0.929547784227487,0.0118270713827691,0.7375526310406642,65.54755899618942,64.43281173706055,63.31806447793168,2.4853335235408167,1.3039066119071805,0.0201819831953551,0.3289464438086603,16.23285130946465,-0.7094833349326135,19.646854452467448,7.855669469212306,0.6525197021225342,71.9590563541764,0.8725357055664062,0.2437941394397055,75.0,1.3838405802099274,59.823427226233726,70.78387570853431,-42.89489845327321,63.93227466744423,64.57039895035675,64.3020639592951,64.17728744186722,64.47270230379742,65.44663862007832,64.40854682970073,64.33016664480567,63.13612121341348,64.48240079730749,63.886113389810205,64.3619686126709,64.27730508443699,64.3889349402844,64.36196861267089,62.813869615619005,64.18749148438023,64.39416138303228,42.99415090074612,1,0,0.0998884479696457,-1,0.4601255268546018,0.8631774970883408,24.73502166662168,1.339244818966094,61.72248249048398,0.9108341338648722,-3541945.5537477937,379545.4977333606,0.1360863678858417,4496.2177980775305,66.25422202334579,62917700.0,2.0,28519732.691814344,16.790000915527344,108.83999633789062,19.600000381469727,193407601.6989874,-0.0148626557182427,1.192376898206818,0,1,-3,0.9594594594594594
96,96,CCI,188.1400341897198,188.20845235370027,185.61859817831868,185.980209350586,1404300,0.0,0,0,0,0,0,0,0,0,0,-100,0,0,0,0,0,0,0,0,0,0,0,0,0,0,0,0,0,0,0,0,0,0,0,0,0,0,0,0,-100,0,0,0,0,0,0,0,0,0,0,0,0,0,0,0,0,0,0,0,0,0,0,191.99099609910823,170.41472120479958,21.18508970605527,25.742429037845287,-21.42857142857143,17.480200510077324,0.0297676417325001,14.573794061245474,38.39195726075842,-0.0395585601767778,40.372090692830746,-0.5104329574311635,-0.3463128097574743,-0.1641201476736891,2.589854175381589,196.50908770923527,190.5246551513672,184.54022259349912,-0.7064437065374705,0.0565092624762257,-0.0203035752567516,-0.8339561584835745,-149.97477719696963,-1.6875123084937926,-20.339678472770814,0.8137100733859486,0.1890075078446294,63.32460392752366,-1.612548828125,-1.3252534838620664,58.333333333333336,-0.8596007883144408,39.83016076361459,52.6548805118747,-96.462620193679,190.4984610295165,189.23868984523293,190.1767370050604,188.7927848975976,189.87760610870305,188.09377055107333,189.4202873566091,190.8063230410893,190.0614038474591,191.8361832797528,190.3268206580396,191.2380839029948,190.0549277770159,188.76995221191424,191.2380839029948,190.2800614398569,190.4640490432462,189.0003760817214,51.538919544714815,0,1,-0.2325964566102213,-1,0.2713780724945331,3.0207506647785047,25.52207062785013,3.039440996714177,45.86596684796219,2.128997747220789,9748036.98912664,-1230864.8174614273,-0.1241062851971185,-1126827.25271463,48.09559967550317,34330200.0,3.0,7474188.310342269,16.790000915527344,108.83999633789062,19.600000381469727,264205050.01262355,-0.0183571137074286,1.1680811189521432,0,1,-3,0.9594594594594594
97,97,MMC,153.3876868610718,154.52624784045295,153.12038554923546,153.77381896972656,1281400,0.0,0,0,0,0,0,0,0,0,0,0,0,0,0,0,0,0,0,0,0,0,0,0,0,0,0,0,0,0,0,0,0,0,0,0,0,0,0,0,0,0,0,0,0,0,0,0,0,0,0,0,0,0,0,0,0,0,0,0,0,0,0,143.39284998096124,125.24936984231192,46.47054567852211,37.857607360020125,71.42857142857143,51.77323419754971,2.1276471214355093,62.78793007755538,70.97773166337689,0.3017063738837366,51.359483752372014,2.9866260779121205,2.924458356622428,0.0621677212896925,1.4058622912174883,154.8233275551322,153.55599975585938,152.28867195658654,7.21519605523801,3.164550976875489,0.0338794529583486,0.2746585572903841,88.82795650749188,-0.3674130953482965,39.01111229158772,7.504489858922557,0.9255540405522236,66.57622060548285,3.692886352539064,1.1645020005813884,66.66666666666667,2.460596618198352,69.50555614579386,72.08383010105617,-26.4669724947602,151.15799796626948,154.36354329192764,153.09103560014205,153.56728677816324,154.31780950372988,155.81274698140464,153.733804103064,150.80974112795843,149.73883045434206,152.5318951010704,151.50418575929586,152.5095143636068,152.76794082466438,154.25419409452974,152.50951436360677,146.87762161737257,152.36902408633355,154.18679556166742,41.38606354894714,1,0,0.3623598606778671,1,0.5000309116261072,1.8949755772664576,25.23206816774102,2.762209811927164,69.246137496531,0.400703719814575,13402318.744924596,-94873.52547922358,0.054167366612456,607633.1752462205,60.52002821170653,91258400.0,2.0,49137727.73136782,16.790000915527344,108.83999633789062,19.600000381469727,196550981.9437774,-0.0074315723168196,1.4573773887959778,0,1,-3,0.9594594594594594
98,98,MU,72.51188656673781,76.73568434491976,71.90421663258319,73.75711059570312,36552100,0.0,0,0,0,0,0,0,0,0,0,0,0,0,0,0,0,0,0,0,0,0,0,0,0,0,0,0,0,0,0,0,0,0,0,0,0,0,0,0,0,0,0,0,0,0,0,0,0,0,0,0,0,0,0,0,0,0,0,0,0,0,0,76.9317354970908,79.52374308407143,21.881483493612485,18.77966861850381,-35.714285714285715,4.721904586788058,-4.4510519783223,79.93037663189335,71.01410048410942,-0.3355799383755964,49.61175188462317,-1.7615010904858792,-1.708919320744693,-0.0525817697411858,5.030705402048668,74.15844782394541,71.38022918701172,68.60201055007803,-4.135139012440888,-3.3362441918788903,-0.0159691133176542,0.2577320398490462,22.92263164252577,2.1826000878913456,-4.40823551208796,-19.33747998097024,-0.2738095539886767,35.81279716578576,-0.9862213134765624,0.3455226471544056,41.66666666666666,-1.3194773209667887,47.79588224395602,27.9824959207864,-62.82871567693432,70.45363035562453,71.09779477784296,71.29980871027166,72.09941287807652,71.79384475862308,70.29739777553331,71.118394824161,71.67276849891994,72.79878105330019,70.36440269649029,71.86039541346018,70.61715443929037,71.77455410592881,71.55569025280677,70.61715443929036,76.46006272031116,70.93903424311023,71.95245659837467,34.9405362753797,1,0,0.1862865398022904,1,0.3539855602403325,2.452720429740908,25.066007074234506,9.22461901957456,53.537567895288056,11.6268398982689,12244152.122759752,269403.15174965747,-0.0185380147919028,-2256622.919117531,45.58870561884184,499389500.0,1.0,-33924464.02630241,16.790000915527344,108.83999633789062,19.600000381469727,2650461728.976057,0.0090103478025369,1.4436731788159274,1,0,-3,0.9594594594594594
99,99,GILD,69.62822761596404,69.63790699119184,68.63146608030146,69.10565948486328,4988900,0.0,0,0,0,0,0,0,0,0,0,0,0,0,0,0,0,0,0,0,0,0,0,0,0,0,0,0,0,0,0,0,0,0,0,0,0,0,0,0,0,0,0,0,0,0,0,0,0,0,0,0,0,0,0,0,0,0,0,0,0,0,0,66.76917094928609,62.27384951667254,23.98144989743197,20.959704430783884,42.85714285714286,13.006958424970538,1.9332520812820635,43.94638405306426,51.63084888375991,0.1905100704736151,51.86290055712409,0.928418954527487,0.8434903544371262,0.0849286000903608,1.2870825036829103,70.60200834276175,69.73855590820312,68.8751034736445,2.392201026586108,1.312514427380691,0.0178833637211637,-0.5192238565088241,20.781139307611845,-1.0540067214870867,12.88621451048599,8.486613699691476,0.709633980946709,63.31061460112588,1.5193405151367188,0.2845065825615395,66.66666666666667,2.2480000957253887,56.443107255243,67.84417389947023,-35.80702633246411,69.33142411021608,70.00879785113587,69.71357088955966,69.6159174458964,69.92067511972813,70.34562751847649,69.97706911936702,68.78570605675421,68.46663961111244,69.82631772756577,69.05981076995381,69.73855641682943,69.34678062711106,69.94577943398535,69.73855641682943,66.69889163114377,69.64371483243467,69.8526864145315,41.06223301250848,0,1,0.2158057697180425,-1,0.2820200809314528,1.0682617962042766,25.470875891389515,1.7806346587003363,46.514312289988894,1.2756691507029456,-11018119.509004485,-114768.13248206304,0.01966547794109,365572.7622728381,73.03131062720989,-124478300.0,3.0,138783644.09005117,16.790000915527344,108.83999633789062,19.600000381469727,347368264.75328296,-0.0093625095984771,0.9894568941972992,0,1,-3,0.9594594594594594
100,100,ISRG,348.8999938964844,350.0,346.3500061035156,347.9866638183594,1324200,0.0,0,0,0,0,0,0,0,0,0,0,0,0,0,0,0,0,0,0,0,0,0,0,0,0,0,0,0,0,100,0,0,0,0,0,0,0,0,0,0,0,0,0,0,0,0,0,0,0,0,0,-100,-100,0,0,0,0,0,0,0,0,0,322.2064013671875,276.27659996032713,40.03030917459201,42.18055836401479,50.0,40.12790107103593,2.028432409113393,51.72003385153277,64.12936378140671,0.3449100365894519,53.67860850578595,7.921182971867381,7.834670685844056,0.0865122860233249,3.649993896484375,351.9782832023765,349.07533569335936,346.17238818434225,18.4092533784754,6.805427160018553,0.0372125220520069,-0.2502278370943873,66.42536946330218,-1.0798207224303875,33.53329943014427,8.146674128369428,0.9043979185499832,82.65260159977291,16.10333251953125,0.8456266360100907,75.0,4.852106448525362,66.76664971507213,69.13741311358784,-23.775956304121948,338.70296413030854,350.1851893048246,347.06818292791195,348.08363673070096,351.0422143493194,346.93876333297544,349.6146858944822,341.06749247481446,337.61141618054296,347.2645117044449,341.83530478037585,345.85089009602865,345.24080966115844,350.1119273187106,345.85089009602865,329.9426400257809,344.44269002017904,349.16256095325656,50.60779544476978,0,1,1.17266845703125,-1,0.4183182922327115,6.516279006060616,25.62204666120892,6.389984130859375,69.82615778082365,1.8541083468254944,31594879.51920493,-14397.031077198684,0.1009139727373527,876927.3668666612,54.2505577007742,76998900.0,4.0,152206309.03129372,16.790000915527344,108.83999633789062,19.600000381469727,462013371.9177246,-0.0031428745814732,1.8236144388441256,0,1,-3,0.9594594594594594
101,101,USB,55.73060009167003,56.78506637791087,55.53532745362075,56.27735900878906,3983400,0.0,0,0,0,0,0,0,0,0,0,0,0,0,0,0,0,0,0,0,0,0,0,0,0,0,0,0,0,0,0,0,0,0,0,0,0,0,0,0,0,0,0,0,0,0,0,0,0,0,0,0,0,0,0,0,0,0,0,0,0,0,0,55.18979002649039,51.22147550319778,12.77380508500778,12.511551837203498,-28.571428571428573,10.684536114445525,1.0063038822699082,74.69035304185178,53.421509687726974,0.0131161481281782,53.85226572028196,0.0098929658836723,0.0034439025092478,0.0064490633744245,1.31808258274485,56.600623511015385,54.99637680053711,53.39213009005883,-0.3761563344133378,0.5557101078522493,0.0190947412009108,0.4374985098824618,40.80458303263475,2.353686329442204,10.176743604365956,2.064427041148964,-0.6097791206746228,51.08920447374112,-1.1228141784667969,0.4064864401259188,58.333333333333336,-1.9561163601438225,55.08837180218298,46.02255334397149,-35.17234352531245,56.31274809738921,55.42522215278827,55.2821833523837,55.51327362594071,54.8839485823526,55.952754663544255,54.9714620702857,55.654735745895344,55.30674240450135,54.78005824238062,55.76299054272778,55.14738591512044,55.61997973932537,55.41458890575763,55.147385915120445,55.54417809547709,55.471063683037166,55.3934461682122,48.75470534335998,1,0,-0.0019531282851081,1,0.2134778621330086,1.1751746253863415,23.409518243535818,2.216335227965203,60.954465692132125,3.1948279383222107,50440786.3400371,1458947.4015522748,0.0837779926360093,486932.0142951967,63.81502221265827,36517300.0,1.0,395316942.3812844,16.790000915527344,108.83999633789062,19.600000381469727,221997272.4051584,0.0134943341457169,1.6331548078179532,1,0,-3,0.9594594594594594
102,102,NOC,357.071291485649,358.5174830181141,355.8021772779877,356.7859802246094,416600,0.0,0,0,0,0,0,0,0,0,0,0,0,0,0,0,0,100,0,0,0,0,0,0,0,0,0,0,0,-100,0,0,0,0,0,0,0,0,0,100,0,0,100,0,0,0,0,0,100,0,0,0,0,-100,0,0,0,0,0,0,0,0,0,359.4398903026652,325.7360179372652,11.042340541245164,12.327673577404363,57.142857142857146,1.378461535293798,0.4251351312770595,43.08406274050645,33.63417988832267,-0.0071494435029406,40.77025864827007,-0.1927897036346166,-0.2220924782014616,0.0293027745668449,2.715305740126439,358.01150238363664,356.61676635742185,355.22203033120707,-0.2696475556989526,1.516190357697326,0.000416958006296,-0.105075187969933,-28.750624644718147,0.2003079876085378,-2.8030396413993475,1.2069308329217308,-0.3407406371117104,47.15913164236163,-3.384307861328125,-0.1939603038978992,41.66666666666666,-0.9396410457157444,48.59848017930032,50.777687500488746,-70.59747095409391,359.6253133426471,357.2606932410529,357.5442260742187,357.0270492447006,355.9605164499212,359.48532251769427,357.0497868926092,357.3731831733824,357.3266556440817,357.9876425266266,358.3031458392245,358.12624816894527,358.02618906345697,356.92294990065545,358.1262481689453,355.31564228218366,358.7453773470739,356.8316198253667,60.42858875020875,0,1,-0.4112319424221027,-1,0.1789883395284892,4.78770828417033,24.20769187345956,5.322396148221628,35.32475841148913,1.21145475508925,-15135605.107580489,-267391.9617159534,-0.0724711675128419,19733.02941345604,57.39854861590281,16812000.0,3.0,21111283.515280377,16.790000915527344,108.83999633789062,19.600000381469727,148755900.03292137,-0.0041158226439758,1.1196902441285306,0,1,-3,0.9594594594594594
103,103,TGT,247.5494803080508,249.2887446813532,246.47232251570543,248.1918182373047,2438100,0.0,0,0,0,0,0,0,0,0,0,0,0,0,0,0,0,0,0,0,0,0,0,0,0,0,0,0,0,0,0,0,0,0,0,0,0,0,0,0,0,0,0,0,0,0,0,0,0,0,0,0,100,100,0,0,0,0,0,0,0,0,0,247.0935419911936,203.6159018567785,30.42457798815805,37.61097723269394,-42.85714285714286,18.72052295820277,-0.7412952447682696,55.970425402442686,47.61596962784856,0.058532146362844,39.61236280718242,-0.1940632732295171,1.4657123438171489,-1.6597756170466658,2.8164221656477366,253.181842693468,247.6759704589844,242.1700982245008,-4.991956175109806,-1.884773352207304,-0.0238432942919254,0.2280687664969424,-71.50343905250193,1.0974283666304936,-8.441278047800722,-6.151454663502838,-0.7872781131078661,34.54331791363064,-10.831375122070312,-1.1301289086219528,33.333333333333336,-4.181623653694444,45.77936097609964,34.80208679569304,-68.96068840074412,255.6195299871043,247.7786999289648,249.02058854536577,248.39561473072823,246.5653753877887,246.56387464361907,247.08859921304725,250.9156017619716,250.81919548425657,247.902334690094,253.08167746808303,249.5659601847331,253.1017828364454,246.4013349954505,249.56596018473303,249.7726380993433,249.71256192504924,248.39663094676985,44.4994477496409,1,0,-0.3646028789677246,1,0.264687916162036,4.576064614485966,26.767934493854227,5.138734223873598,40.03138223364425,3.455831856285074,23059216.71257376,-3702849.972662486,-0.1744505410723892,-5116105.48062306,30.591962783561133,186422600.0,2.0,699641588.0847505,16.790000915527344,108.83999633789062,19.600000381469727,603550387.9390585,-0.0118343220467957,2.1538121512261488,0,1,-3,0.9594594594594594
104,104,BDX,237.5403919925932,238.6473771387797,235.42267015032863,237.7617950439453,1147590,0.0,0,0,0,0,0,0,0,0,0,0,0,0,0,0,0,100,0,0,0,0,0,0,0,0,0,0,0,100,0,0,0,0,0,0,0,0,0,100,0,0,0,0,0,0,0,0,100,0,0,0,0,100,0,0,0,0,0,0,0,0,0,237.5912180255048,236.6920886839884,15.079843758416391,17.411753075139156,50.0,7.009612409623155,-0.6956997473955663,34.326349078489834,35.372744877521484,-0.0057620104240818,48.573652659693,0.098523528724769,0.0560015423212243,0.0425219864035446,3.224706988451004,241.09493934855053,239.0901824951172,237.08542564168377,-0.181304670906627,-1.666528163812103,-0.0074525930961774,0.0686583469893734,8.843058462188864,-0.4813322086421958,-3.325028833474568,-0.3967873755896048,0.5836863550954019,63.32543012826377,6.102874755859375,0.235140568708687,66.66666666666667,2.634422515770152,48.33748558326272,53.22402730537604,-44.02362132559701,239.36146735020776,238.9087878647603,239.3542830033736,238.8150669978216,239.0834938896793,234.703078696644,239.7265165330508,237.68525770089644,238.4104380086376,240.04619798064232,237.7107894300236,239.779079691569,237.8326774972193,239.13963792137463,239.779079691569,238.4416826674216,239.295016915556,239.04495468106327,42.4642481248371,0,1,0.4225853193816221,-1,0.2923387670411496,3.645828680479888,25.309991584621727,7.286877355808258,52.99683619073514,4.1613388571182375,-1620365.272274029,415738.9321057159,0.1160655760673576,270853.1767265716,56.82342615123589,24632179.0,3.0,8413931.420500167,16.790000915527344,108.83999633789062,19.600000381469727,272598978.44678,-0.0115361936880823,1.0603638305747596,0,1,-3,0.9594594594594594
105,105,TJX,73.9458107670237,75.11093401422217,73.79770041133128,74.85420989990234,5365200,0.0,0,0,0,0,0,0,0,0,0,0,0,0,0,0,0,0,0,0,0,0,0,0,0,0,0,0,0,0,0,0,0,0,0,0,0,0,0,0,0,0,0,0,0,0,0,0,0,0,0,0,100,0,0,0,0,0,0,0,0,0,0,67.32692980686649,66.04279155438678,22.419120901257607,15.449561449543298,92.85714285714286,40.61397651698066,3.473309679508578,90.19031042237926,91.14994165593102,0.3158006341482,70.55335179621046,1.904812933940903,1.3732072024760231,0.5316057314648799,1.3132336028908895,75.46836358407614,73.83324584960937,72.1981281151426,5.105091557106817,2.406530478061768,0.0803596886364657,0.6917269942521544,126.08091019821724,-0.5973985595892763,42.461957145014985,15.737317458846563,0.8059381249639144,61.74569135245233,4.048309326171875,2.362960460718803,66.66666666666667,5.717474523124455,71.23097857250748,73.64246371173718,-4.237335644603815,69.8438002323088,74.39205053237794,72.9221517389471,73.98019414514928,75.117094113132,73.78508881869647,74.35181092308582,70.93502079918899,70.23870814067232,71.73084895312786,70.97344586791286,71.78703994750977,71.45893527595547,74.99323400666412,71.78703994750977,68.97278534751216,72.17150486530743,74.6923306353428,43.17532143643187,1,0,0.7286945043722752,1,0.4144960597805152,1.6863455999581916,26.56128517891564,2.132769085664592,79.84994539390222,1.1827933715065435,76957151.29057707,7634255.258436754,0.2359548658767429,5780222.546860948,74.94667416817526,71749500.0,2.0,285442355.71727824,16.790000915527344,108.83999633789062,19.600000381469727,396734063.92723554,-0.0050484296508597,1.4352026756056924,0,1,-3,0.9594594594594594
106,106,CME,193.89245173112147,195.0251915756221,193.156644302885,193.91180419921875,1051700,0.0,0,0,0,0,0,0,0,0,0,0,0,0,0,0,0,100,0,0,0,0,0,0,0,0,0,0,0,100,0,0,0,0,0,0,0,0,0,100,0,0,0,0,0,0,0,0,100,0,0,0,0,100,0,0,0,0,0,0,0,0,0,203.39934645652127,191.9825153450136,24.89302124704024,19.21486766659359,-42.85714285714286,31.187095940700186,-1.8910137352495184,55.64189483136224,42.23491776590372,-0.1691175428247482,42.70414392690391,-2.8773496428803185,-2.224882218913676,-0.6524674239666424,1.868547272737089,196.2059654104104,193.4645202636719,190.72307511693336,-8.011177621390033,-3.798582419370973,-0.0346665026990253,0.0103569593232359,-66.44751215578167,1.0076503860550687,-28.38421343506099,-8.644643947180443,-0.8219763543298171,41.45830917600957,-8.500411987304688,-1.1740020185614473,41.66666666666666,-4.199554823050566,35.80789328246951,22.421933031133072,-70.65507310991528,199.48825555962512,193.05939206449764,194.5678666548296,194.1127481527262,192.4832955100389,194.6355939920279,192.94332402028616,195.32052899138992,197.60159813415024,193.9530949294567,197.74054858381925,195.0594004313151,196.78928881012507,192.6245190465479,195.0594004313151,198.725278089304,194.1067886881168,193.5432193106553,41.8981688025776,0,1,-0.610905729324611,1,0.3680133593029799,3.3428631722867537,25.40314303647499,4.008166933169491,42.4291167451359,4.229716578346998,2111347.376576605,-959951.6232481212,-0.1764501058152217,-2858844.6985574933,28.574363310934093,17148600.0,3.0,54896781.75071295,16.790000915527344,108.83999633789062,19.600000381469727,203916691.48562044,-0.0088095684823017,1.114142144978563,0,1,-3,0.9594594594594594
107,107,LRCX,582.599936447505,590.1504345209615,581.8855331994614,584.1676025390625,901000,0.0,0,0,0,0,0,0,0,0,0,0,0,0,0,0,0,100,0,0,0,0,0,0,100,0,0,0,0,0,0,0,0,0,0,0,0,0,0,100,0,0,0,0,0,0,0,0,0,0,0,-100,0,0,0,0,0,0,0,0,0,0,0,614.5835447587384,565.1325963498718,21.7104060274238,15.892330992017309,-78.57142857142857,22.40568712984864,-4.630971193688418,82.21541728743858,65.8539649963494,-0.2795176135509614,45.64011832587155,-12.95563368033038,-10.880425377129844,-2.0752083032005366,9.14787104439904,591.959437807269,575.8153930664063,559.6713483255436,-32.25863424139072,-28.21972186748804,-0.04135719255222,0.1896775328072467,-16.885542956710754,1.1511772748558535,-12.697355783316905,-18.34192173661068,-0.5452991810136912,42.3086293099647,-19.5955810546875,-0.2881862993699574,41.66666666666666,-3.245574024247333,43.651322108341546,29.99550595793152,-68.02209831362049,577.3868589488834,572.1342065033472,576.0325872247869,579.0968444397399,576.6548070426352,566.9111101971404,573.4701455415073,579.4156027963256,588.906289327473,570.8052971363068,583.4716058154495,573.3779215494792,582.0810213787704,573.6012209514638,573.3779215494792,599.4183990291859,575.6396642202385,577.0837008963006,37.52788622349213,1,0,-1.3830972995488195,1,0.3062444043484408,17.590836399785836,24.643063025940148,16.55950952238527,60.75311540486729,9.311283165449522,15099424.348308638,-332607.57792893983,-0.0094907706082741,-2469839.3887851425,23.999272094941627,28059600.0,2.0,108525629.8391696,16.790000915527344,108.83999633789062,19.600000381469727,524922542.739202,0.0004600152149325,2.0389080722553827,1,0,-3,0.9594594594594594
108,108,PNC,185.6908081176143,189.61185157001907,184.73015665990133,188.3375244140625,1637100,0.0,0,0,0,0,0,0,0,0,0,0,0,0,0,0,0,0,0,0,0,0,0,0,0,0,0,0,0,0,0,0,0,0,0,0,0,0,0,0,0,0,0,0,0,0,0,0,0,0,0,0,0,0,0,0,0,0,0,0,0,0,0,182.71707322612747,166.29894563371352,13.343378587012484,13.054957646730031,-35.714285714285715,8.488947849864642,1.2128407851670715,79.8385135026477,61.07707397480039,0.0541537192081831,53.51574913435265,0.6300013081209102,0.5445531873445224,0.0854481207763877,4.881694910117687,189.10662521238245,183.90478515625,178.70294510011755,0.6463986274936246,2.22242521628354,0.0278115516019754,0.5421715910518459,58.73279993149398,2.0886323812997087,17.242564016222374,2.0592435684146766,-0.507968032063998,39.10486443294462,-1.73504638671875,0.6619759253191745,50.0,-0.9128336505414448,58.62128200811119,48.08960812089133,-26.037396834018,186.04862951936423,185.2476702834989,184.3687155983665,185.44513729068785,183.95882794929216,187.26587504903392,184.0277122533784,184.9099083420994,183.98675128193463,182.5576440691948,185.28799767853013,183.5633280436197,185.2935085619636,185.3276874329732,183.5633280436197,182.94680635995093,185.03677969624584,185.31768341387715,55.20069103262827,1,0,0.2097757697180554,1,0.2833509257308607,3.887179311661137,23.82223310511528,8.047914380659279,53.85869390035445,2.655938993759164,32827811.722263373,550511.0835061222,0.1024754695733911,1197579.0630996942,65.24222467520424,26213900.0,1.0,138030087.15087038,16.790000915527344,108.83999633789062,19.600000381469727,303994421.96934634,0.0122367704480694,1.7609966404717017,1,0,-3,0.9594594594594594
109,109,SHW,299.07423148607035,301.6977042881396,297.69295674019884,300.8331604003906,920900,0.0,0,0,0,0,0,0,0,0,0,0,0,0,0,0,0,0,0,0,0,0,0,0,0,0,0,0,0,0,0,0,0,0,0,0,0,0,0,0,0,0,0,0,0,0,0,0,0,0,0,0,0,0,0,0,0,0,0,0,0,0,0,283.0551133683892,257.5385866160347,31.177809085946823,23.07842455202527,85.71428571428572,19.12736423601302,2.43517545138096,46.34541532279098,56.87924011804851,0.3077209164666694,52.36856921502816,5.299662946773083,5.728868967229184,-0.4292060204561014,4.004747547940781,305.48716185619145,302.1468933105469,298.8066247649023,12.44517590468388,7.161867386255494,0.0228917789992817,0.4392109348377554,-0.8613781711469229,-0.1538170230789272,24.23333787235888,7.127821844061892,0.3827003004271276,63.382448087066194,0.94622802734375,0.1169389949529878,50.0,0.3155282625541877,62.11666893617944,62.83043089762445,-48.43082321217003,302.8125679485313,303.4203111989559,301.9780356667259,301.63970648492136,302.0792220915614,308.0246884982404,302.33466135215787,301.34631813895646,296.1862642196438,301.75278598070145,301.08930728924054,302.0870829264323,303.45128132648347,302.10086320894334,302.0870829264323,295.08945611276926,302.15399458141064,302.4795818369945,53.29508516997045,0,1,0.6088721628783105,-1,0.5104919042486409,4.323174508139933,25.15440432101791,8.387119607600312,48.50264866666055,0.943530235670736,-1864627.2611910847,287189.8683834183,0.2175460897724046,342329.2151822002,61.963416157685295,59132200.0,3.0,74639849.26869614,16.790000915527344,108.83999633789062,19.600000381469727,275417459.7755222,-0.0133430754702486,1.58845867867807,0,1,-3,0.9594594594594594
110,110,PGR,94.8546354069893,95.30660396956868,94.47144450618931,94.54022216796876,1669900,0.0,0,0,0,0,0,0,0,0,0,0,0,0,0,0,0,0,0,0,0,0,0,0,0,0,0,0,0,0,0,0,0,0,0,100,0,0,0,0,0,0,0,0,0,0,0,0,0,0,0,0,0,0,0,0,0,0,0,0,0,0,0,94.24538739931111,92.34718092719336,11.841052763604454,14.66721976986797,78.57142857142857,5.461079039997603,0.6944567892430008,49.570839997863146,61.54475809443011,0.018864404178398,46.390660359268175,0.1297779396424943,0.0707525618798818,0.0590253777626124,0.8351594633793553,96.18887348055468,95.0924072265625,93.99594097257032,0.8935620949400942,0.6543338971260368,0.0033730398112228,-0.3764709050273151,-22.534884593900408,-0.5690622224144692,-1.4179785113303085,1.6258696803780217,0.0261270102970291,45.53990688489739,-0.8548126220703125,-0.2390474660581258,33.333333333333336,-0.8960766395774367,49.29101074433485,53.98596229815927,-56.63493124737338,94.74160811522536,95.00821805222718,94.88482305353338,94.89255998518084,95.27065385759022,94.35226972351428,95.03148267384628,94.59056668800686,94.66291510268192,94.64862428605556,94.87632069320942,94.77078857421876,94.91198101686348,94.9768899123371,94.77078857421876,95.03336552561862,94.83002754115068,95.18387614170192,61.76738447858394,0,1,0.0854799268840056,-1,0.1921653440606539,1.5972284704775617,23.596335284269003,1.4443244799676052,37.282537515513205,0.8586934572946187,28533658.204434507,-230952.9644519352,0.0482985170394277,103989.2624855631,57.60322190479531,68269700.0,3.0,28478263.490393244,16.790000915527344,108.83999633789062,19.600000381469727,158397755.66613144,-0.008727712846361,1.2910530483099216,0,1,-3,0.9594594594594594
111,111,CSX,33.02619388592427,33.17447223071586,32.887802775252105,33.075618743896484,7536500,0.0,0,0,0,0,0,0,0,0,0,0,0,0,0,0,0,100,0,0,0,0,0,0,0,0,0,100,100,100,0,0,0,0,0,0,0,0,0,100,0,0,0,0,0,0,0,0,100,0,0,0,100,100,0,0,0,0,0,0,0,0,0,32.04611525300233,31.18928606378698,20.79948090836912,16.307893574545645,85.71428571428572,16.75711698999997,2.3108792947461847,26.628049012025475,36.6836672284766,0.1970828050713358,45.368588661906834,0.3816411165755582,0.3847318654023186,-0.0030907488267604,0.2866694554637519,33.57418124731515,33.217962646484374,32.861744045653595,1.0809087036843223,0.7522833652985383,0.0160235629543263,0.1724106179790127,-7.129483411106217,-0.1241878422134719,11.50765228788525,8.548158286354596,-0.1285649889431655,60.75864991529373,-0.5140266418457031,-0.0689457290062072,58.333333333333336,-1.5303127971213804,55.75382614394263,65.5084375914471,-39.72609409953353,33.49398467707418,33.3596398587236,33.26397441517223,33.174745439649456,33.1567744861945,33.866712100311084,33.26641502496041,33.0898568499358,32.77677906651327,33.33326788246632,33.26986438021723,33.34317550659179,33.37446343338851,33.230965413698804,33.3431755065918,32.50183319817107,33.34559745014915,33.20340846964327,47.39579298365008,1,0,-0.068207575931668,-1,0.3723275045915287,0.5539415281173763,24.909111260523428,0.5634593793092504,61.02276529593327,1.2660549021431513,-235861908.2558441,-1765832.4893234968,0.1213608165852239,227776.9432035695,61.14037391156872,303500600.0,2.0,368717247.16500986,16.790000915527344,108.83999633789062,19.600000381469727,248901910.22126827,-0.017063778179727,1.413258111553947,0,1,-3,0.9594594594594594
112,112,VRTX,199.58999633789065,202.1699981689453,198.08999633789065,201.3300018310547,1192700,0.0,0,0,0,0,0,0,0,0,0,0,0,0,0,0,0,0,0,0,0,0,0,0,0,0,0,0,0,0,-100,0,0,0,0,0,0,0,0,0,0,0,0,0,0,0,0,0,0,0,0,0,0,0,0,0,0,0,0,0,0,0,0,196.9120007324219,213.7661003112793,11.29479957081942,13.124511389728312,-50.0,13.49120538888744,-1.0242365679493068,86.29894276913403,79.4569619971848,-0.0527210523154408,54.99351531317437,-0.264352110242612,-0.7527087671116055,0.4883566568689934,4.080001831054688,202.7690540155716,198.0699981689453,193.37094232231905,-0.4887367248535099,-2.03121869991989,0.0152011209270568,0.4264717432036711,109.04527532146317,0.5510043274625104,12.25527647851117,-2.7789627681695253,0.6097711438633218,42.68507108710781,6.080001831054688,1.0665817357177902,50.0,3.1139574038692386,56.12763823925558,49.94828120477731,-17.612120870515717,194.3338114451612,198.43560499825563,197.514726673473,199.1399991762388,199.57338115036143,195.8282299862212,197.9526863103124,197.31090230235023,197.5793260745885,195.69666054844856,195.9191563234564,195.9546666463216,196.01742486471028,199.6002640941869,195.9546666463216,199.4810608694252,195.3320821118758,199.5920639145907,52.25395893586987,1,0,0.453997802734375,1,0.2055755239384419,4.22059709473428,25.79900250407275,6.55999755859375,65.8611198108459,3.3168917884749,-45898871.23785536,-761011.1815201715,-0.1817174449580318,258378.8293980616,24.84122936491688,-38644400.0,1.0,-511576718.2388192,16.790000915527344,108.83999633789062,19.600000381469727,238050988.6322021,0.0038727944135734,0.7243068591458051,1,0,-3,0.9594594594594594
113,113,PXD,137.37981628410452,139.24029788690618,136.0839605593324,138.05551147460938,1196200,0.0,0,0,0,0,0,0,0,0,0,0,0,0,0,0,0,0,0,0,0,0,0,0,0,0,0,0,0,0,0,0,0,0,0,0,0,0,0,0,0,0,0,0,0,0,0,0,0,0,0,0,0,100,0,0,0,0,0,0,0,0,0,140.7203321619199,130.1943911757872,14.76124621525734,16.85341053387958,-35.714285714285715,0.6180851197815493,0.3467630730053431,88.42318447238029,66.38188343963056,-0.131384335652418,53.422054712059264,-1.2280937855146874,-1.3697531570396395,0.1416593715249523,3.156337327573766,140.4796969916366,134.09019470214844,127.70069241266027,-2.796520613222384,0.4720654609875794,0.0141083676003046,0.2140757214388905,17.178053017623018,2.746810592768956,2.6734148838284835,-4.194233104960293,-0.5787903909711667,47.24652317025389,-4.4892578125,0.2567496769811708,58.333333333333336,-3.149366921670671,51.33670744191424,42.42066062962518,-34.848515380273334,137.93008430080434,135.15146681735345,134.81789217862217,135.9000059541289,134.25318255183916,138.95354157798158,133.71873966720636,134.65836557798264,135.79335756491716,132.40054044127464,136.50055995888775,133.95072987874352,136.14354250870906,135.3764070952032,133.9507298787435,139.08750227324944,135.0326365077896,135.67452011222662,43.838488736905454,1,0,-0.3387754706450749,1,0.2272098320672504,4.227509352079958,24.045507874662103,6.173823946989387,61.60976529475408,5.139796057226781,8971884.020382812,245624.2914970219,0.0387045063185212,789954.8939859419,56.64712227650751,12352200.0,2.0,169379343.9833164,16.790000915527344,108.83999633789062,19.600000381469727,164333736.23904583,0.009659747695605,1.600345096146625,1,0,-3,0.9594594594594594
114,114,D,75.78234130187894,76.13054410537431,75.453487198226,75.98545837402344,2622100,0.0,0,0,0,0,0,0,0,0,0,0,0,0,0,0,0,0,0,0,0,0,0,0,0,0,0,0,0,0,0,0,0,0,0,0,0,0,0,0,0,0,0,0,0,0,0,0,0,0,0,0,0,0,0,0,0,0,0,0,0,0,0,73.53798692934592,72.6426604974159,25.217519951690768,18.391328389342053,78.57142857142857,26.742544202090947,1.9176750498138715,41.70613754175066,62.25143007011373,0.1552264724224095,60.77404463958839,0.8563274319458003,0.707923766846334,0.1484036650994663,0.6770569071483123,77.50892720259174,76.44779663085937,75.38666605912701,2.3818564967068454,1.423624625572785,0.0235522416164142,0.3,40.79814436051141,-0.6757786656790304,18.01166337806424,8.024067328762598,0.7832703889322905,71.30026715964917,1.5765762329101562,0.5676067848889965,75.0,2.1188011263497453,59.00583168903213,72.68173112686854,-32.28516627939845,75.49630989481561,76.54251959698426,76.17451116388494,76.16497285216005,76.58482944218197,76.95892012936386,76.59707727715382,76.1165881336951,74.98112948570017,76.21708914637566,75.50858481645727,76.10862375895182,75.77540665024986,76.52943964057725,76.10862375895182,74.8169810251419,76.04121184679597,76.456318413419,40.9071843901449,1,0,0.1257407360811342,-1,0.3573242263849528,1.0576902836743185,24.19760498337016,1.3347732991599055,59.84750726990552,0.9282856502690248,-77308560.4709342,1996942.0892317,0.2275057305401058,272646.661119564,65.32347674421221,2530200.0,2.0,-295236298.1663321,16.790000915527344,108.83999633789062,19.600000381469727,198708877.1276568,-0.0081022944368639,0.948160140579274,0,1,-3,0.9594594594594594
115,115,SLB,27.78873980872602,28.330335806896564,27.493325175687858,28.015226364135746,6545200,0.0,0,0,0,0,0,0,0,0,0,0,0,0,0,0,0,0,0,0,0,0,0,0,0,0,0,0,0,0,0,0,0,0,0,0,0,0,0,0,0,0,0,0,0,0,0,0,0,0,0,0,0,100,0,0,0,0,0,0,0,0,0,29.33100544227392,26.719782477232748,19.415022724428017,20.543957423217368,-42.85714285714286,2.458700376731494,-1.6281658620062662,87.02712636238577,65.43306260105702,-0.3401514662811578,58.09553938484468,-0.5397225076309802,-0.6723717943313025,0.1326492867003222,0.837010631208706,28.661301978810464,26.99308738708496,25.32487279535946,-1.1901481271875447,-0.4524652774517363,0.0081090739019027,0.2705898192507516,60.37571357479632,2.9986403986255734,1.1200917962093289,-6.470643361898626,-0.4027650744609346,46.87167788044696,-0.5218982696533203,0.6123953137542026,50.0,-1.828839717913877,50.56004589810467,41.72055334678467,-21.29622315556988,27.444115727728377,27.170322260242,27.10051151622425,27.44195396583397,27.14011838123338,28.1182225591066,26.97531279118259,27.690100950869144,27.41628155755333,26.48727722093463,27.27188589265834,26.810586738586423,27.017834315378806,27.4115938070031,26.810586738586423,28.87131363359552,26.943375345275783,27.4097458504374,50.24002894233012,1,0,0.0640066224453439,1,0.2099735537963164,0.955898836625504,23.492949742404186,1.4475362650012895,62.22348395171883,5.70188056394839,-69192157.9137186,9178330.378830569,0.0529841161065346,237399.585103892,45.24873315906601,170439500.0,2.0,1126127446.7455091,16.790000915527344,108.83999633789062,19.600000381469727,181882859.7960736,0.0191404966142028,1.5077249797607375,1,0,-3,0.9594594594594594
116,116,CL,76.17070944328411,76.49505103798113,75.66945493316456,76.3181381225586,3636600,0.0,0,0,0,0,0,0,0,0,0,0,0,0,0,0,0,0,0,0,0,0,0,0,0,0,0,0,0,0,0,0,0,0,0,0,0,0,0,0,0,0,0,0,0,0,0,0,0,0,0,0,0,100,0,0,0,0,0,0,0,0,0,79.50326315528635,79.09648231759894,27.235959034162224,26.1872134091137,-42.85714285714286,38.95094074704732,-1.5160965643382758,12.499101525700844,15.882877675272333,-0.160807623753223,35.207644426565345,-0.8782397290834467,-0.8002764306294792,-0.0779632984539675,0.8255961048165688,78.03652739042468,76.9510986328125,75.86566987520033,-2.331170505972437,-1.192142682197769,-0.0294310510634815,0.1785724017039048,-184.61335554143463,-0.0486574596084425,-26.95383615500065,-2.9250037308401424,-0.590149729262519,56.022966547682856,-1.4251251220703125,-0.959727174624878,50.0,-1.833117189313216,36.52308192249967,39.97075229180107,-82.30560816523693,78.01982226583988,76.55637462265041,77.12533042214133,76.71952894517592,76.50514242769516,75.64849395025992,76.93272669506618,78.09910373508956,77.73333378442979,77.56108510494232,77.58790038036565,77.51754811604818,77.08517363318265,76.51977358491345,77.51754811604818,78.98453824838026,77.49609830615948,76.55952413161808,47.80231312347037,0,1,-0.1061470018400411,-1,0.3487158319844276,1.0511843057392372,24.82255246875406,1.6708531593401683,46.10662507913082,4.646242887905865,-69390460.81609066,-2873231.439569772,-0.1530275792735777,-763188.5859639888,61.82415879607422,114351500.0,3.0,4628841.975769676,16.790000915527344,108.83999633789062,19.600000381469727,277002401.961447,-0.0064103513179462,1.0791594058298577,0,1,-3,0.9594594594594594
117,117,TFC,55.58735732744277,56.630839000713806,55.29479303290866,56.13348007202149,2691000,0.0,0,0,0,0,0,0,0,0,0,0,0,0,0,0,0,0,0,0,0,0,0,0,0,0,0,0,0,0,0,0,0,0,0,0,0,0,0,0,0,0,0,0,0,0,0,0,0,0,0,0,0,0,0,0,0,0,0,0,0,0,0,53.62020508250495,52.63779116641868,13.254970373567996,14.64254519134466,-28.571428571428573,11.441843686071923,2.0575793301658947,82.35512593851065,63.571357967682594,0.1268252409411863,57.38343840536382,0.4016291613801499,0.3614310035853246,0.0401981577948253,1.3360459678051484,56.51370317407641,54.801335144042966,53.08896711400952,0.7812915650968932,1.116676281660034,0.0343112880912215,0.4087604451783038,68.5319980674468,2.16315120051463,17.696284036173065,4.988695772027038,-0.5266248621405174,49.796920171097,-0.7996788024902344,0.6038790493831724,58.333333333333336,-1.4045923646232803,58.84814201808653,51.18446717306716,-29.545493848428013,55.697645524935176,55.34253972024619,54.98396613381126,55.31375306136124,54.81653311758624,56.73536716442058,54.77542605260993,54.832800467901095,54.5795667644013,54.36178639531136,55.29006031706879,54.73501981099447,55.35773590078105,55.30412749491612,54.73501981099447,54.75614195278551,55.20548871066879,55.29173760536572,52.63708356249612,1,0,0.0575381738279652,1,0.3280813369224719,1.2743384344261808,23.77701055146813,2.408780162273189,59.80419280616528,3.168228517538424,77584185.75911762,2492039.789811522,0.1296074735761446,557268.9365972583,58.59376285153917,148403600.0,1.0,328307138.01315606,16.790000915527344,108.83999633789062,19.600000381469727,149585578.5681485,0.0165863640525829,1.5560168245723287,1,0,-3,0.9594594594594594
118,118,REGN,672.8499755859375,674.0,660.7899780273438,669.1799926757812,643500,0.0,0,0,0,0,0,0,0,0,0,0,0,0,0,0,0,0,0,0,0,0,0,0,0,0,-100,0,0,0,-100,0,0,0,0,0,0,0,0,0,0,0,0,0,0,0,0,0,0,0,0,0,0,0,0,0,0,0,0,0,0,0,0,585.9045971679687,520.175199432373,34.724312825204834,33.45532669704329,78.57142857142857,35.67685099774579,4.669364891064558,88.83201803255928,86.5854928657245,0.4913712935792569,66.08903879446568,24.051954065682366,19.69210692377424,4.359847141908126,13.21002197265625,675.5706895811311,665.0640014648437,654.5573133485564,56.300467098460445,28.599680191431275,0.0925456308211807,-0.2778180776498963,105.9375872396839,-1.0046477510601688,53.53284599981697,21.95683990996852,0.9585753353388003,74.20144350082441,60.72998046875,1.9772158115248268,66.66666666666667,9.981096104914863,76.76642299990849,81.1679139958351,-6.430847003505269,628.1180879482428,671.2745228863282,657.2241810191762,664.8531455726891,675.6230628428167,666.8147720617076,669.2424598764957,649.5133932653557,621.4026809430401,649.1654719114304,635.7934796027669,648.4389994303385,642.4026309458204,675.5510850367372,648.4389994303385,614.3948337309121,647.8438281247086,672.1933716251549,47.65049800827512,0,1,5.5010009765625,1,0.5149619247210906,17.74148816520766,26.57200073817142,25.6500244140625,68.85175465516434,0.6431027867537925,-10422616.725037633,1009196.2176651544,0.2170997432497621,4836297.269767255,79.08100883258267,12845200.0,4.0,50184764.66167858,16.790000915527344,108.83999633789062,19.600000381469727,432978959.2895508,0.010406644722533,1.083494324615037,1,0,-3,0.9594594594594594
119,119,WM,150.1013813407154,150.82992359092523,149.5697269726247,150.4656524658203,1080300,0.0,0,0,0,0,0,0,0,0,0,0,0,0,0,0,0,0,0,0,0,0,0,0,0,0,0,0,0,0,0,0,0,0,0,0,0,0,0,0,0,0,0,0,0,0,0,0,0,0,0,0,0,0,0,0,0,0,0,0,0,0,0,142.92690651795223,127.09632230953696,30.23492142494297,29.624140396620547,64.28571428571429,27.83727261014084,1.408136619611305,78.50518095417216,79.55768945677728,0.194945289056081,57.243312459948825,1.995735267878132,1.9012005381005987,0.0945347297775331,1.2601966183005402,151.01292876081357,149.95172424316405,148.89051972551454,4.105201593091607,2.0637877048590383,0.0266375496471003,0.2890589609708402,99.013807745345,0.1362471890010028,30.04762293187572,5.550519459478035,0.8168061876860807,51.74389685911797,3.64276123046875,1.2666382395654108,66.66666666666667,2.4810580964718554,65.02381146593787,65.12997226683873,-8.695711043387,148.64733271681538,150.44803886077634,149.5747381036932,149.96863401186218,150.29351530749383,150.5529004953932,149.99484797405893,147.0295383468686,147.3988621138178,149.02775129675865,148.30303757093347,149.1378443400065,149.03879456908373,150.5011979269863,149.1378443400065,143.97296588800904,149.19143123137317,150.3923565479848,50.00473395867812,1,0,0.447961255372212,1,0.3263226857176072,1.813568354111838,25.434534713069745,2.225048007875614,65.69403333404777,0.8080453148348737,5148587.312043421,648944.8902995442,0.04991878789058,384016.5307216191,56.79116637146005,78463700.0,2.0,80326098.36647294,16.790000915527344,108.83999633789062,19.600000381469727,162154522.26237485,0.0046126375574424,1.4489630210994806,1,0,-3,0.9594594594594594
120,120,FISV,118.5999984741211,119.51000213623048,118.04000091552734,119.11000061035156,2368400,0.0,0,0,0,0,0,0,0,0,-100,0,0,0,0,0,0,0,0,0,0,0,0,0,0,0,0,0,0,0,0,0,0,0,0,0,0,0,0,0,0,0,0,0,0,0,0,0,0,0,0,0,100,0,0,0,0,0,0,0,0,0,0,110.66780014038086,114.31570011138916,21.51380875134649,20.794569279526872,71.42857142857143,42.65010480279447,1.4578124761171216,83.43972673920872,74.62689920787967,0.1649784357868,57.903621227858736,1.929125999659888,1.1342903985401689,0.7948356011197193,1.470001220703125,120.03672261177844,117.58800048828124,115.13927836478406,5.594706232407518,1.643846169496186,0.0563034920311706,0.3469399406257136,125.48336516400784,-0.3177272470865219,41.95737253770975,10.434578444892514,0.9672432380518404,76.56759971506048,7.300003051757812,2.210202914417685,83.33333333333333,6.52893588333392,70.97868626885487,81.11334410264955,-7.048872584801729,112.24577076326536,118.196392377028,116.4729096846147,117.87356743445764,119.21783972075612,117.34553387432756,118.44593765945932,116.84481297948712,113.58944126363808,114.98384766280653,113.56063995857008,114.9936668395996,114.00145874907662,119.23530589118975,114.9936668395996,114.00647285811311,115.2756588655776,118.71284274112156,39.64282871373194,1,0,0.7930000305175782,1,0.3421268798312685,2.3805444040485466,26.43132465647777,2.4500045776367188,81.61216167115543,2.447371081190445,-59551372.65517051,1632357.7880901322,0.0804856344115091,3197767.5132630053,86.56818883201024,-3787700.0,2.0,-86167726.09573214,16.790000915527344,108.83999633789062,19.600000381469727,280892236.3861084,0.0044037655403359,1.1268408406092307,1,0,-3,0.9594594594594594
121,121,OXY,24.17891523953734,24.74607659172037,23.790859170325646,24.50727081298828,10024500,0.0,0,0,0,0,0,0,0,0,0,0,0,0,0,0,0,0,0,0,0,0,0,0,0,0,0,0,0,0,0,0,0,0,0,0,0,0,0,0,0,0,0,0,0,0,0,0,0,0,0,0,0,0,0,0,0,0,0,0,0,0,0,27.467247204260715,24.17406504027661,22.31613128258724,20.69201705583693,-71.42857142857143,9.543682334369812,-3.961603203572986,79.21726538766953,51.39486553555462,-0.5790161989089548,47.85338903088988,-1.0258361696236662,-0.9911509615233476,-0.0346852081003186,0.9552174213947248,25.41293067179344,23.187877655029297,20.96282463826516,-2.883881301896441,-1.0076462794572905,-0.036486468090212,0.3437495653832464,-16.27560150159887,5.500973834167067,-9.00432133062989,-18.50474849061316,-0.6939929160780313,41.01843788884475,-2.1989879608154297,-0.1050644750286606,50.0,-8.233979830122918,45.497839334685054,33.29428761217957,-44.871773545230376,25.03742047982929,23.39689693467084,23.62821800925515,23.868163048804224,23.092154391126872,23.27902138606488,23.17832384666528,24.56932182575224,24.2400121374987,23.019389905035496,24.499231829312137,23.49699668884277,24.020542972497623,23.52878876144947,23.49699668884277,26.078652138680464,23.678943039260005,23.61356653977004,37.88766891634829,1,0,-0.17711292193244,1,0.2759894134550761,1.164686158499031,23.271510291603608,1.661678434098043,57.57370349955754,9.889992834503373,-432779115.50863934,-1206277.2290824652,-0.1418335946576379,-623852.0578990065,46.0305371300161,402181400.0,2.0,4480541576.203044,16.790000915527344,108.83999633789062,19.600000381469727,242381535.81874207,0.0201512040678522,1.3658655748718085,1,0,-3,0.9594594594594594
122,122,ITW,227.18396261947163,228.2268557029635,226.07219187335724,226.87896728515625,700700,0.0,0,0,0,0,0,0,0,0,0,0,0,0,0,0,0,0,0,0,0,0,0,0,0,0,0,0,0,-100,0,0,0,0,0,0,0,0,0,0,0,0,100,0,0,0,0,0,0,0,0,0,0,-100,0,0,0,0,0,0,0,0,0,223.4751991294009,213.32777270368112,13.04548327970794,12.914906195879844,35.714285714285715,8.927693019063776,1.00610317197113,45.45668031293092,38.68900144955896,0.0790209759943927,42.93028264694838,0.9168318883133963,1.0885475489986045,-0.1717156606852079,2.1546638296062497,227.1863788007824,226.81993713378907,226.4534954667957,1.662848964867038,2.271275838216156,0.005001879553329,-0.1415512388172008,-12.974834835314583,0.3879733962363672,4.827586361768465,2.892127942410325,-0.5396739793217366,58.19024312632831,-3.177886962890625,-0.171529406242133,66.66666666666667,-1.381348525032089,52.41379318088423,52.56575680178963,-52.09648534058788,229.42626818600343,227.4114176708937,227.3417411110618,226.9922825739933,226.2086386786141,229.04265110239425,226.970844310618,225.2019347301906,226.42243463341825,227.40062820911407,227.9886717514396,227.72476298014325,228.1598125912256,226.8825746439317,227.72476298014325,224.223612177108,227.89551754298947,226.8533015204943,52.89548229684134,1,0,-0.1928349224701719,-1,0.2201076677924816,2.9428456388237967,24.84982134945953,4.348695334993749,62.193419859248905,1.453396204131122,-11820100.75299552,-207480.48699112795,0.0904030723564927,44330.1320295564,61.71887475202649,11591800.0,2.0,14816388.92683015,16.790000915527344,108.83999633789062,19.600000381469727,159187802.60746378,0.0003032928963064,1.3958139599599106,1,0,-3,0.9594594594594594
123,123,FIS,127.77860003029626,128.29015148350325,126.60794142139612,127.89664459228516,3792800,0.0,0,0,0,0,0,0,0,0,0,0,0,0,0,0,0,100,0,0,0,0,0,0,0,0,0,0,0,100,0,0,0,0,0,0,0,0,0,100,0,0,0,0,0,0,0,0,100,0,0,0,0,100,0,0,0,0,0,0,0,0,0,138.95826183431598,139.84019570495465,32.23567909311759,28.91161168516276,64.28571428571429,39.031030817298735,-3.757826284979776,25.39816280608974,21.487893903353594,-0.3777654728068236,47.88222553810886,-3.427528812166827,-3.321367660151541,-0.1061611520152858,1.6822100621071314,128.46169915610054,127.59955291748048,126.7374066788604,-9.390849192148892,-5.072213833148652,-0.052458376914962,0.0701723076373906,-97.47795909754886,0.7777202260701045,-28.47230970714019,-7.326359920867836,-0.7279370052586484,71.15799508509707,-3.7972488403320312,-0.7045198989557675,58.333333333333336,-2.883390217538784,35.7638451464299,33.60446146576898,-75.70857462101498,131.50128949221423,127.1292094230507,128.80079373446378,128.11898344880217,126.78054959842842,122.88217390805356,127.99287254232988,132.14398229826585,130.87519879313916,129.64284560084343,130.40413137570164,129.6503313700358,128.39899923578184,127.43764862161068,129.6503313700358,136.3238595413421,129.3918619345761,127.43857662957124,61.01613198880599,0,0,-0.1072278478272807,-1,0.3842409408214745,2.927663385433607,25.56659487512858,3.364420124214263,66.8340575082256,9.261341409216186,-23431423.86058441,620520.2835895233,-0.0725713364187799,-3467623.4195243027,56.35711896664216,-6727200.0,2.0,-174628677.92883787,16.790000915527344,108.83999633789062,19.600000381469727,484638674.19490767,0.0020830449207842,0.9496954046098728,1,0,-3,0.9594594594594594
124,124,GD,196.232468796554,196.7241069726196,194.9050397197343,195.96697998046875,396100,0.0,0,0,0,0,0,0,0,0,0,0,0,0,0,0,0,0,0,0,0,0,0,0,0,0,0,0,0,0,0,0,0,0,0,0,0,0,0,0,0,0,0,0,0,0,0,0,0,0,0,0,0,-100,0,0,0,0,0,0,0,0,0,189.2356276286187,170.3639773053358,15.174831180888107,15.678301488207264,-35.714285714285715,9.540222495322674,0.943411133706186,78.77355982782882,63.14405939115502,0.149159214404615,52.05803438877778,1.5909183973134304,1.862303255224868,-0.2713848579114373,1.819067252885276,197.15405150556603,194.4960021972656,191.8379528889652,2.9235074191490185,1.8247950627253715,0.01314078785501,-0.1459477738737546,60.9588069701217,0.6434731021296135,16.109136907918323,1.4365909508788537,-0.3700793528956553,51.91925609765427,-1.36676025390625,0.2726732031843487,58.333333333333336,-0.6926135653654297,58.05456845395916,50.2557618126677,-26.203943340735645,195.6928031826127,195.4598408715368,194.8669688831676,195.22663858053568,194.60374324294352,197.4362820054321,194.4988078912532,192.13604919716727,193.72081307031965,194.0888190567493,195.14899713395383,194.57041015625,195.92862376473045,195.0842471214847,194.57041015625,189.3329872488029,194.74425651178063,195.319972113646,60.70518146232817,1,0,-0.1111092318118267,1,0.3436847480945118,2.645432558023116,24.6533019853107,4.011776473543989,62.2237570344265,1.1834889780377769,-3007722.313373571,193347.30962977183,0.1012050842261325,155948.93342767257,63.29507510370503,31921300.0,2.0,36354155.95082335,16.790000915527344,108.83999633789062,19.600000381469727,77727680.89031504,0.004530131156361,1.36274585491945,1,0,-3,0.9594594594594594
125,125,AMZN,165.49349975585938,166.0500030517578,164.3074951171875,164.95899963378906,33606000,0.0,0,0,0,0,0,0,0,0,0,0,0,0,0,0,0,0,0,0,0,0,0,0,0,0,0,0,0,0,0,0,0,0,0,0,0,0,0,0,0,0,0,0,0,0,0,0,0,0,0,0,-100,-100,0,0,0,0,0,0,0,0,0,173.27138916015625,163.98582237243653,31.902009365296696,26.936876198831964,-78.57142857142857,17.217952269607075,-3.5566194464002816,87.91075668697793,63.49035591140363,-0.3317042177057194,46.14816746319365,-3.2006174692052696,-3.371752041048276,0.1711345718430061,1.7425079345703125,167.51428891877947,162.58529968261718,157.65631044645488,-9.98065549065086,-6.025057670397644,-0.0262393854936326,-0.3067418583675578,38.12422773688527,1.162894429689063,-13.300597714122016,-7.904386871888391,-0.3238962380157925,37.05609524034173,0.3535003662109375,0.3177365563989476,41.66666666666666,0.2147561094762107,43.349701142939,32.219214225540185,-38.05458973455665,163.89793506899318,162.1997801119317,162.8720733642578,163.79841656451458,163.1424518007211,152.85073014896005,162.48024247868287,162.64742438246336,165.25009874106712,160.98301365971565,163.35956670870772,162.01541748046873,161.26363617663765,163.5410134253673,162.01541748046876,167.43732486321352,162.65093378625804,163.75471283704596,48.06741332335122,0,1,0.001751708984375,1,0.5270976302531462,3.013021613856853,23.68773619225249,3.155014038085937,44.860187246356645,8.00323238730867,-305007206.808519,3636349.432205439,-0.0990675804628803,-13139811.067149151,19.441113148453773,1200218000.0,4.0,1384750050.883205,16.790000915527344,108.83999633789062,19.600000381469727,5561574552.79541,0.0091067058284108,1.2713155050978495,1,0,-3,0.9594594594594594
126,126,EQIX,808.7365079062309,811.0962518609746,791.0726278700971,797.3226318359375,317200,0.0,0,0,0,0,-100,0,0,0,0,0,0,0,0,0,0,0,0,0,0,0,0,0,0,0,0,0,0,0,0,0,0,0,0,0,0,0,0,0,0,0,0,0,0,0,0,0,0,0,0,0,0,0,0,0,0,0,0,0,0,0,0,805.9247485021365,721.5145980787174,19.41458786128029,22.650042529550344,57.142857142857146,20.293743006505853,-0.147908722389741,39.43707753686252,59.66248803677851,0.0313740381299609,46.15893577872298,2.367694868297008,2.7527381040453145,-0.3850432357483067,20.023623990877468,838.1323621105292,816.1377563476562,794.1431505847833,5.943085213678842,-1.196183424729611,-0.0141062869690168,-0.5700204955653118,-59.26792860979651,-2.0923176613599868,-8.445536107864244,1.5325898369668105,0.5858427219373927,64.10421474962993,3.42022705078125,-0.6033066549106257,58.333333333333336,0.430812028048555,45.77723194606788,55.75763752506053,-73.96394956191537,806.4588117115354,811.3861488135989,812.6757257634944,809.2152688619974,817.1624856352495,807.2766081755096,815.1661964631546,806.9719150744047,808.2818750014447,816.3244103193283,808.0391990942659,814.2831929524739,809.0716220904296,810.7585004416126,814.283192952474,795.8339013652903,811.5668539619659,812.1443064161631,54.753089344507664,0,1,0.2281386620272201,-1,0.1990898999428932,16.100784411591558,24.922415849792014,29.76881224741805,47.65313185406245,2.7354990681402787,2093780.3057751704,-44839.77925231773,-0.122324580982514,-639904.0562649475,49.87187533128738,6532300.0,4.0,2647109.890245945,16.790000915527344,108.83999633789062,19.600000381469727,256531220.30785644,-0.0225656158648211,1.204055483990895,0,1,-3,0.9594594594594594
127,127,NSC,256.06750206790826,258.68345169602867,255.2876427021784,257.8049011230469,1257300,0.0,0,0,0,0,0,0,0,0,0,0,0,0,0,0,0,0,0,0,0,0,0,0,0,0,0,0,0,0,0,0,0,0,0,0,0,0,0,0,0,0,0,0,0,0,0,0,0,0,0,0,100,0,0,0,0,0,0,0,0,0,0,258.64817214759523,254.05546050250663,16.589041776283906,21.57511287241258,50.0,7.503088510207146,1.3532384769873136,23.04963919712944,21.69829984897307,0.0392166407963356,39.70160224096779,0.330256482074958,0.3591164352011026,-0.0288599531261445,3.3958089938503235,261.1159515854889,258.3715209960937,255.6270904066986,1.834137781990364,3.4852010286771247,0.0010082887185358,0.5116303827114456,-47.37721361038861,0.5879771366893319,-3.045385032428672,5.735941523009968,-0.4367037665723781,52.93602786196016,-4.49151611328125,-0.4279326482799511,58.333333333333336,-1.712381800943319,48.47730748378567,54.51160126324724,-56.00241634765029,264.8356121564631,259.2336271055226,259.78010309392755,258.39505068905703,256.73463740491667,262.24427465501583,258.8502351725134,260.673691179332,258.4014835660118,261.0273804664612,261.2785820019417,261.2777069091797,260.8506191132992,258.2384313993548,261.2777069091797,261.7128386790051,261.2234393737885,257.83173260018697,50.24042135415095,1,0,-0.0769918084611845,-1,0.2409544017476582,4.541215103118634,24.98535839858373,5.083854315825647,53.51031439175809,2.2822155217945843,-23260091.661339,-496889.8731918857,0.01474651893393,-423799.3206286678,56.39056114139582,22237500.0,2.0,35361365.84734146,16.790000915527344,108.83999633789062,19.600000381469727,321953670.34998107,-0.0161199407473994,1.4533347123726974,0,1,-3,0.9594594594594594
128,128,FCX,34.949765837784,35.14806313798576,34.3152175029035,34.81095886230469,9923500,0.0,0,0,0,0,0,0,0,0,0,0,0,0,0,0,0,0,0,0,0,0,0,0,0,0,0,0,0,0,0,0,0,0,0,0,0,0,0,0,0,0,0,0,0,0,0,0,0,0,0,0,0,-100,0,0,0,0,0,0,0,0,0,35.652924095840106,33.054979191422774,15.493185821126303,14.327306522365731,-42.85714285714286,8.930030804793104,-0.951918535602846,81.84737975030303,56.91407426783616,-0.1200427689408978,50.97316506531647,-0.561957217411873,-0.350473996556161,-0.2114832208557119,0.8328456350822577,35.94728472358116,33.65885696411133,31.370429204641503,-1.7878680583868911,-0.3403454560499952,-0.0263658176100848,-0.1666659097824324,-27.67582584815312,4.458998314804764,-5.776491338463332,-11.94849667279164,-0.7579938880950764,44.429829479672016,-3.58917236328125,-0.5067452795729576,41.66666666666666,-9.346771088349282,47.111754330768335,35.27388263744088,-54.17224016985704,36.4484245144092,34.03512014450699,34.23427824540572,34.361117916507325,33.4145012980753,35.25638615024268,33.51353978438174,35.22724033421624,34.765927106212146,33.53103896230459,35.51205817653502,34.19888610839844,35.34417106686112,33.83591895171604,34.19888610839844,35.7359122077676,34.340255737533155,34.11278396205931,37.02761157064276,0,1,-0.1437654605514016,1,0.2703970251097579,1.4119942723056516,24.42863034137131,1.5665434735336563,50.15234404371581,9.038235597405786,528091013.47902286,9191578.109545708,0.1070116868223197,-2437770.9982943754,50.16011522292826,458265900.0,4.0,3261685021.863273,16.790000915527344,108.83999633789062,19.600000381469727,346824001.2912495,0.0085836389921576,3.3148752651811644,1,0,-3,0.9594594594594594
129,129,ATVI,81.63476109729021,81.63476109729021,79.52728530632007,80.3324966430664,10410300,0.0,0,0,0,0,0,0,0,0,0,-100,0,0,0,0,0,0,0,0,0,0,0,0,0,0,0,0,0,0,0,0,0,0,0,0,0,0,0,0,0,0,0,0,0,0,0,0,0,0,0,0,0,0,0,0,0,0,0,0,0,0,0,88.17010983780833,90.08373811066107,31.946288526697067,36.60366683360874,42.85714285714286,36.19772152419781,-1.082236498317949,16.06822579287876,16.86671134279445,-0.3316761301607296,38.93571546296102,-1.7651084253915172,-1.9215957697132788,0.1564873443217616,2.107475790970142,83.2286604592077,81.63873291015625,80.0488053611048,-3.639014429677289,-0.904240730481277,-0.038544085247543,-0.6179261749072461,-138.87633981171058,-0.6498121139141907,-30.810084082838067,0.5030468241797051,-0.8306810377337718,47.72152334487876,-4.165245056152344,-0.9535187201346992,33.333333333333336,-4.92941583099239,34.59495795858097,45.0129247539124,-85.97844475372925,83.42998425708623,81.11489277280793,81.90316106622869,81.28300166630245,81.0383232039617,80.4850550230752,81.76120137117454,82.12071366787853,82.66603965327502,82.50811915099621,82.81473158389767,82.49199371337892,81.63897465420882,81.15565521012097,82.4919937133789,86.47760343169968,82.21947847411671,81.04759363609244,55.09750829280519,0,1,-0.4721947615860655,-1,0.3549075951799497,2.126494169656071,25.72530857066833,3.2407389354559086,35.47320175213981,5.810090610309024,-4057953.3764293534,-6383578.655056212,-0.1459893997908933,-3065255.801311112,39.665909479760295,47146900.0,4.0,13580090.611438088,16.790000915527344,108.83999633789062,19.600000381469727,849842353.4511203,-0.0076132606458758,1.1323948983609071,0,1,-3,0.9594594594594594
130,130,HCA,248.67406174711425,253.76364426741245,247.7595283360077,250.59259033203125,1112100,0.0,0,0,0,0,0,0,0,0,0,0,0,0,0,0,0,0,0,0,0,0,0,0,0,0,0,0,0,0,0,0,0,0,0,0,0,0,0,0,0,0,0,0,0,0,0,0,0,0,0,0,0,0,0,0,0,0,0,0,0,0,0,229.05490446664143,191.33778959775088,20.408680369191806,27.821055292349644,64.28571428571429,22.09244722293086,-0.6376270585397164,80.70032856956912,83.17798417205688,0.2840883785840686,49.959718835624905,4.323238244220363,4.846702005185096,-0.5234637609647335,6.004115931404783,251.4554670727109,247.9305145263672,244.40556198002344,7.771828005745846,-1.5672366802509146,0.0195308614119453,0.3195355664073843,117.47709001602271,0.3404361260543896,30.33460661211142,-0.2985311388675321,0.9283258557947044,67.61659817370737,10.86505126953125,1.103964318287412,66.66666666666667,4.532249950097977,65.16730330605571,54.072894465337306,-16.640603233432252,242.72744588873647,248.46081583282967,246.666069169478,248.3684815093354,249.5885684081213,246.65262987610112,247.41068391593595,245.4781751125368,242.0919374431442,244.47399443387985,243.813135408914,244.8621826171875,246.11612783455723,248.8070873363285,244.8621826171875,236.2087924793341,245.09560758161624,249.43542970414552,46.63936043714963,1,0,1.86385657897076,1,0.4109493405279468,4.98266959648776,25.08805661924176,10.76564185606145,67.84082225573148,3.157249355602362,8859699.951564841,-467392.5550148264,-0.053394062782593,912940.1152772685,60.83614796226647,63088900.0,1.0,282376187.2289274,16.790000915527344,108.83999633789062,19.600000381469727,276550424.06896573,0.0023237896936127,2.399220630007698,1,0,-3,0.9594594594594594
131,131,EW,117.83000183105467,118.0,116.3499984741211,117.0199966430664,1958400,0.0,0,0,0,0,0,0,0,0,0,0,0,0,0,0,0,0,0,0,0,0,0,0,0,0,0,0,0,0,0,0,0,0,0,0,0,0,0,0,0,0,0,0,0,0,0,0,0,0,0,0,0,0,0,0,0,0,0,0,0,0,0,109.02420013427736,92.81819999694824,39.118320352419744,38.7383092484952,57.142857142857146,35.58723589976335,1.8209146915229235,49.61129782161077,66.21493691861231,0.3318992942595855,58.73964894845455,2.5745269414397143,2.5478324041839864,0.0266945372557279,1.7399978637695312,119.27532539311343,117.79399719238282,116.3126689916522,6.07902888129739,2.063845707820008,0.0324581449181968,-0.490911781161424,60.2679558301392,-1.336523367584043,23.814221365843323,6.542355091920369,0.8773498183343343,59.57850043585593,5.879997253417969,0.8194223353875068,58.333333333333336,5.290621995419609,61.90711068292166,65.93171388723282,-32.01759779550719,114.27573672235584,118.07002387050616,117.10054376775568,117.37055681135271,118.4883803242492,118.03593079137325,118.00239095487228,114.97707215311608,113.9834774054458,117.16712845861912,115.1767487313371,116.70399932861328,116.4546643746334,118.04157313237133,116.70399932861328,110.82459200005604,116.25568158635932,117.93631611590162,46.56913515156521,0,1,0.694998931884766,-1,0.4342177088382681,2.200982218414421,25.79099972633149,2.7499923706054688,56.17106078091201,1.6989100194275737,26080850.7335463,869129.1049485579,0.2195030245237312,304633.0115615956,54.00632081903285,102967000.0,4.0,176025137.11096168,16.790000915527344,108.83999633789062,19.600000381469727,230758275.5859375,0.0118506218890315,1.623226446831346,1,0,-3,0.9594594594594594
132,132,MPC,56.63884743418692,57.90053220774991,56.23784728107344,57.34304428100586,5268500,0.0,0,0,0,0,0,0,0,0,0,0,0,0,0,0,0,0,0,0,0,0,0,0,0,0,0,0,0,0,0,0,0,0,0,0,0,0,0,0,0,0,0,0,0,0,0,0,0,0,0,0,0,0,0,0,0,0,0,0,0,0,0,55.74497462054501,50.183189010533695,15.14811100361471,17.687333464769303,-35.714285714285715,11.711868916694732,2.58839385511794,83.88802189904283,60.85170836429338,0.0558454601604863,55.1019738399108,0.2817294281987301,0.0916231371189772,0.1901062910797529,1.6626849266764694,58.62065182081399,55.24219207763672,51.86373233445944,0.7692501928322457,1.41389592488607,0.0497688043246287,0.4235299397502525,80.91310756684203,3.0908153321755907,15.681855335720355,5.651520183766786,-0.3511490026634749,49.29172126879018,0.0758476257324218,0.8811094674786364,58.333333333333336,0.1324451521330649,57.84092766786018,51.95778286605221,-11.716349615763605,56.61880837076173,56.18486928376042,55.6695669000799,56.22191633211149,55.45592734982654,58.86152731007348,55.77722617245919,54.67218584482624,55.11285119457156,54.659860879182816,55.89871142617757,55.24392471313477,55.92538404240148,56.29445659572971,55.24392471313477,55.56530219973406,55.62785215856582,56.17844980616203,48.95570737953151,1,0,0.1366942509711899,1,0.3016371434185495,1.6016013482970255,24.685821538233867,2.670073527669345,60.0704040840482,3.4342335511317046,13935846.194060652,2606940.56192977,0.0968995344726865,915735.31144445,53.88606582668054,145391800.0,1.0,691260947.2209494,16.790000915527344,108.83999633789062,19.600000381469727,298401767.7070138,0.0106457565986108,1.713663690169496,1,0,-3,0.9594594594594594
133,133,MAR,137.067801589735,137.3273185834479,134.88182136755972,136.6485595703125,1357500,0.0,0,0,0,0,0,0,0,0,0,0,0,0,0,0,0,0,0,0,0,0,0,0,0,0,0,0,0,0,0,0,0,0,0,0,0,0,0,0,0,0,0,0,0,0,0,0,0,0,0,0,0,0,0,0,0,0,0,0,0,0,0,138.35801592126424,137.25010448463527,15.593721592473708,13.905687799570003,-71.42857142857143,1.6433360605486016,-3.119322284663669,94.35414995172424,79.37690376358232,-0.2014664686991962,61.98888832905549,-1.715785730501466,-1.7943448533894828,0.0785591228880169,2.445497215888168,139.18598096756264,133.6241241455078,128.06226732345297,-4.8530382896101685,-4.306817861703735,-0.0102880810793191,-0.1714342656776445,42.26972065848567,1.3656376165342832,0.4600157563305765,-11.424207933150422,-0.2168695132221359,39.05175292807925,-1.2177581787109375,0.560575392924186,58.333333333333336,-0.8832891155675759,50.23000787816528,34.66983936374325,-36.25170202628732,132.75543396393076,133.55432251343177,133.35788823908027,134.88767429165074,134.750958806805,132.15017418997394,133.86456135939318,133.3403766132843,135.07354859909316,130.80380654335022,133.49144550982572,131.87035319010417,133.09886409688727,134.5323591085325,131.87035319010417,137.30199964147363,132.76434943038112,135.1246911196003,42.245965528234336,1,0,0.1187786464409271,1,0.3017722182618282,3.530187382095388,24.0348325837204,4.90097367982321,61.03888471530124,8.011771638643458,24629816.16737292,2142752.195235617,0.0783153317016611,317916.3079267771,40.37131530630242,14873500.0,2.0,268340291.6154804,16.790000915527344,108.83999633789062,19.600000381469727,186069540.6580653,0.0165076183257624,1.4447134125359844,1,0,-3,0.9594594594594594
134,134,FDX,265.5240016235708,269.3384382910359,264.8403739766596,267.8721008300781,2116200,0.0,0,0,0,0,0,0,0,0,0,0,0,0,0,0,0,0,0,0,0,0,0,0,0,0,0,0,0,0,0,0,0,0,0,0,0,0,0,0,0,0,0,0,0,0,0,0,0,0,0,0,0,0,0,0,0,0,0,0,0,0,0,284.0222855744069,276.35735708789247,34.043208223021615,32.998208579028784,-28.571428571428573,27.61692031655923,-2.139965251222039,41.92764134371962,25.36756903038083,-0.2853122792628948,41.65512852188901,-5.387803193968807,-5.237597259511828,-0.150205934456979,4.498064314376336,268.0261072923966,265.36350708007814,262.70090686775967,-15.048027654074986,-5.90798754569812,-0.0297254638500144,0.522024373685032,-55.43224161250597,1.7602163742017234,-22.168953673332734,-5.084126735548474,-0.6262353782191507,46.79102364234997,-5.845489501953125,-0.4697905740263833,50.0,-2.1355914666873588,38.91552316333363,35.35943741680341,-66.50723797146192,275.0046466809868,265.2604153249443,267.88526722301134,266.7461814613609,262.9383789679123,261.27936674240533,265.2354586286456,273.3257330222912,271.5353236557093,268.9961262345314,271.11126286287515,269.5323028564453,268.24002540402444,265.42047370057975,269.5323028564453,277.5051270344894,269.963910728814,265.01345063639303,48.38275326306547,1,0,0.1753636624255705,1,0.4175417381175785,5.103484957718265,24.251173811144536,6.836246133706823,56.55014480008728,5.648347548656838,-6649055.884475659,-742344.4138219655,-0.1513864904667551,-1514359.776116331,52.34699788463279,124958900.0,1.0,550326894.6438895,16.790000915527344,108.83999633789062,19.600000381469727,561901892.2358006,0.0045729461964318,2.030888394384093,1,0,-3,0.9594594594594594
135,135,AON,277.65083718539864,281.1026977225594,276.7257063819209,279.5011291503906,1540300,0.0,0,0,0,0,0,0,0,0,0,0,0,0,0,0,0,0,0,0,0,0,0,0,0,0,0,0,0,0,0,0,0,0,0,0,0,0,0,0,0,0,0,0,0,0,0,0,0,0,0,0,0,0,0,0,0,0,0,0,0,0,0,249.0550761032587,229.7349255024002,45.42025096832707,39.4370485599639,100.0,51.681997427658445,4.623087642950765,64.00927720326969,57.82243888894536,0.547578252640113,51.25855358493566,8.720981505289615,8.720231446795038,0.0007500584945763,4.37699134063854,280.63370724804065,277.4240295410156,274.2143518339906,22.25386783594197,12.177265069423584,0.0611235026906757,0.4227314657474398,75.8435611153313,0.4919510773959606,45.0950770569735,13.193733599292456,0.7406489284995448,64.8939613845544,7.759246826171875,1.2349336708289549,75.0,2.8553739157934466,72.54753852848675,74.54812229144079,-7.298196978762777,276.50219848206126,280.77527388902064,277.45532171076,278.1356361229103,277.9960820361752,292.42682218781744,277.8774332890191,274.4989000588831,264.9286798017084,276.5943225622177,274.6333392066007,276.8235209147135,278.69090187691586,279.46817548521153,276.8235209147135,265.5134356763898,276.96483677605926,278.97249968954014,34.68598218309487,1,0,0.9330936804793794,1,0.6172369937126476,4.528778559178359,24.99721897206884,7.28169264221458,65.5720220733253,0.7108826450877135,-11352710.566420574,523968.9093098156,0.0969352460661044,3169827.8175753616,82.19991795171069,44744300.0,1.0,175915598.61553803,16.790000915527344,108.83999633789062,19.600000381469727,427665584.5166695,0.0033070897942801,1.4828959023861374,1,0,-3,0.9594594594594594
136,136,BSX,44.68000030517578,45.310001373291016,44.459999084472656,44.810001373291016,4271400,0.0,0,0,0,0,0,0,0,0,0,0,0,0,0,0,0,0,0,0,0,0,0,0,0,0,0,-100,0,0,0,0,0,0,0,0,0,0,0,0,0,0,0,0,0,0,0,0,0,0,0,0,0,100,0,0,0,0,0,0,0,0,0,43.84720016479492,39.81759992599487,12.900167897202866,15.867602321918282,71.42857142857143,12.726271289691438,-0.5610008677480521,40.53331197232918,34.69568964704271,0.0625730167022498,49.21550483264378,0.1948310921977807,0.2033014403987664,-0.0084703482009856,0.8500022888183594,45.12393757900998,44.47200012207031,43.82006266513064,0.4385287901934447,-0.249615180186737,0.0070881761037771,0.1529420212455626,104.65831571756958,0.5921328627357949,9.052188095084109,-0.9257839572237588,0.6225663742097444,67.302290277518,1.1800003051757812,0.6237602584655587,66.66666666666667,2.704561715076648,54.52609404754205,50.701802784855296,-24.507017432632967,44.48101439284193,44.58274801135922,44.51145484230735,44.60657378510162,44.48309083418243,44.37196003817635,44.51134147921633,44.4144922454781,44.29572006221461,44.4176174774766,44.24478854803328,44.44500033060709,44.405174324032856,44.63425856575733,44.44500033060709,43.55563114075623,44.45255631067222,44.59789052020911,50.53006595602169,0,1,0.1459999084472658,1,0.2975050209784031,0.930924690001798,26.143936486599703,1.7400016784667964,59.76562129373754,3.567144917851808,-35982339.608461626,-806627.4536808878,0.0239336087190218,-105282.27217698196,53.626065910557074,89304100.0,4.0,-27487888.12863449,16.790000915527344,108.83999633789062,19.600000381469727,190846153.30352783,0.0117753727255536,1.2261251917947942,1,0,-3,0.9594594594594594
137,137,HUM,408.9239107322575,410.5158347056032,403.78997185901534,404.546142578125,547700,0.0,0,0,0,0,-100,0,0,0,0,0,0,0,0,0,0,0,0,0,0,0,0,0,0,0,0,0,0,0,0,0,0,0,0,0,0,0,0,0,0,0,0,0,0,0,0,0,0,0,0,0,0,0,0,0,0,0,0,0,0,0,0,434.7188663380841,417.1321753973007,40.57841898734171,37.26960489111559,-35.714285714285715,48.045792735578445,-3.665047694128312,50.1994661281679,67.73600035479835,-0.3418591600023113,41.25485582888281,-8.6404578784269,-8.982400881771232,0.3419430033443316,6.725862846587859,415.73910908511857,410.0601379394531,404.38116679378766,-22.710956299561417,-15.56532972286908,-0.0474465151572998,-0.6508857307956315,-96.31325496913468,-1.111601784165686,-33.02894369600386,-6.586003654947612,0.0656097661170653,40.432378180822326,-2.188873291015625,-0.7066312393873337,41.66666666666666,-0.5381570815432002,33.48552815199808,38.35080108442216,-91.58871697818935,408.3802724797257,405.82377267252025,409.3441345214844,408.3783586408709,410.3008018416355,382.5405040757962,409.8520453029662,412.994325646197,414.459152318939,410.0229822993279,409.6107769218361,409.77225748697913,404.5297083241997,408.07629700249447,409.7722574869792,422.8096742508185,408.83043444954296,408.691140567874,57.58784458060424,0,1,0.1064572043226235,-1,0.5050909895341038,7.060649664886071,24.70109082970387,10.407187920066916,41.20027799175369,8.542662598458723,-6599732.027612767,-326809.0455965381,-0.2232818120631628,-1409202.8449031713,53.4779276624561,8050000.0,3.0,1791744.8795602256,16.790000915527344,108.83999633789062,19.600000381469727,223967625.90805745,-0.0112824585670362,1.068049404744344,0,1,-3,0.9594594594594594
138,138,MRNA,391.7000122070313,413.7999877929688,387.9700012207031,397.8699951171875,14427600,0.0,0,0,0,0,0,0,0,0,0,0,0,0,0,0,0,0,0,0,0,0,0,0,0,0,0,0,0,0,-100,0,0,0,0,0,0,0,0,0,0,0,0,0,0,0,0,0,0,0,0,0,0,0,0,0,0,0,0,0,0,0,0,307.6872201538086,187.89214977264405,39.2996690740815,49.11179684586902,-28.571428571428573,24.31463837223816,3.8408868910713054,73.32324686624247,68.89796017748303,1.2457861770578615,57.41314776644789,22.59410863900348,29.29779064934717,-6.703682010343691,25.829986572265625,417.77005141056674,392.6420043945312,367.5139573784957,40.16921310424806,14.675127665201842,0.0413358462426649,0.238868994100877,-12.279157082009409,-0.1838706199144886,12.865783798032917,0.1346989321591991,-0.2600462908238907,39.64445271682313,12.540008544921877,-0.2088587809760762,41.66666666666666,3.2543557423268643,56.43289189901645,47.86299247470042,-67.08869396512746,388.40848545479446,399.6914334051151,393.75127286044034,396.3075533780184,397.9235439724367,416.70468635137246,395.9835443654608,408.15716200382406,285.3922500067585,389.9041172266007,398.72609848123966,390.8996643066406,412.3829127012207,392.3939979194858,390.8996643066406,357.4259156146708,391.9528657332148,398.0249222313201,47.45200807767011,1,0,1.9641998291015623,1,0.3429091096416108,30.84906121428355,27.361368335917064,48.72998046875,48.80640117259715,17.235070969149188,452764097.6812887,5819047.719013572,0.0587345952813695,-14662679.21820938,51.96791992313496,531646500.0,1.0,7216566713.024328,16.790000915527344,108.83999633789062,19.600000381469727,5651291096.118164,-0.0344844342975781,6.222398847652384,0,1,-3,0.9594594594594594
139,139,GM,49.4900016784668,49.93000030517578,49.15999984741211,49.70000076293945,14406600,0.0,0,0,0,0,0,0,0,0,0,0,0,0,0,0,0,0,0,0,0,0,0,0,0,0,0,0,0,0,0,0,0,0,0,0,0,0,0,0,0,0,0,0,0,0,0,0,0,0,0,0,100,100,0,0,0,0,0,0,0,0,0,56.18599990844727,53.34270004272461,33.87793509845555,26.391237124467903,-78.57142857142857,41.26475038653087,-4.296640383443442,54.06960296791407,32.02215131427374,-0.4601335594833888,43.36082387329294,-2.021195909165222,-1.6749581673171892,-0.3462377418480327,0.7700004577636719,50.16578964645571,49.066000366210936,47.966211085966165,-5.60158873165355,-2.306089523511055,-0.0740037272703396,0.2727259215956324,-64.25383060867775,3.039572225842051,-27.73713066854696,-19.67461663818752,-0.9031863539110708,44.83897585971405,-4.569999694824219,-1.318053714682382,50.0,-8.42085803625684,36.13143466572652,23.59050078251359,-68.23669739310553,52.76278023522462,48.81115423365528,49.84545496160334,49.49286747645665,48.20336366519155,49.15506990923804,48.70689402061638,50.9945515117962,51.39806782861499,50.00503972172737,51.787901886984685,50.361000569661456,51.10357276454931,48.576706537056815,50.361000569661456,54.735575366931606,50.31219125783204,48.83225476869422,30.72803352459011,1,0,-0.1769992828369138,1,0.3279244055202479,1.5332853511496258,24.3838680914802,1.409999847412109,50.57985567835944,10.156249950275749,95557433.5977099,8402640.980692968,-0.0362839299265182,-10216794.93721228,30.770830009347456,161071900.0,2.0,2533808353.947929,16.790000915527344,108.83999633789062,19.600000381469727,712982658.1809998,0.0204124057415835,1.859128479272126,1,0,-3,0.9594594594594594
140,140,MET,60.683770350554525,61.71098533224366,60.33158278333624,61.11422348022461,2940400,0.0,0,0,0,0,0,0,0,0,0,0,0,0,0,0,0,0,0,0,0,0,0,0,0,0,0,0,0,0,0,0,0,0,0,0,0,0,0,0,0,0,0,0,0,0,0,0,0,0,0,0,0,0,0,0,0,0,0,0,0,0,0,57.93704546465695,54.92866950013934,18.25389169153621,19.621249082365715,100.0,24.53706796359713,3.3718199916724654,75.20663742082598,56.4293379424706,0.1977181823324292,54.00415669695912,0.7519908193735105,0.623734074290333,0.1282567450831775,1.3794025489074215,61.45404875073432,59.89526290893555,58.336477067136784,1.9539532924262204,1.967891106238732,0.0471420895845113,0.3120576585935932,94.27939468301828,1.850847065526774,24.332695360317395,10.68991709768677,-0.4021660988466683,51.09875362595381,-0.1271705627441406,0.7090234771665156,58.333333333333336,-0.2076545851567579,62.16634768015869,61.28128458033631,-16.340914706398785,60.6916247336605,60.6065714246506,60.10017117587003,60.37482009567581,59.90534226388768,62.72409439887462,59.949183237840224,59.71488783231612,59.07572988959917,59.61494192481041,60.2122190679507,59.9083059946696,60.365934994901295,60.52348808070072,59.9083059946696,59.30566706539096,60.2307802791914,60.3584695314196,57.56275605244063,1,0,0.0811988442865024,1,0.3554150542385494,1.258146028608545,23.85759715238569,2.6609756207012367,55.56771219488076,1.832608148801793,-4660668.22432191,1142850.856811989,0.0746298082700817,980176.2623013252,75.05005214158113,103111200.0,1.0,443770237.2458996,16.790000915527344,108.83999633789062,19.600000381469727,178434558.33877054,0.0117435970429913,1.768198281129366,1,0,-3,0.9594594594594594
141,141,KLAC,322.9182878951854,332.6742432259661,322.9182878951854,331.1672058105469,839200,0.0,0,0,0,0,0,0,0,0,0,100,0,0,0,0,0,0,0,0,100,0,0,0,0,0,0,0,0,0,0,0,0,0,0,0,0,0,0,0,100,0,0,0,0,0,0,0,0,0,0,0,0,0,0,0,0,0,0,0,0,0,0,317.70926076775766,298.1404643258172,13.83415646879068,17.72205633621001,-71.42857142857143,6.768061828444552,-0.6577659080777852,85.39108140436211,70.37649638999626,0.1351297941308837,51.11715543683323,1.379701460311253,2.799672922452574,-1.419971462141321,9.755955330780694,333.6136005195825,323.7867919921875,313.95998346479246,1.4594241209438223,-2.155332320775756,0.0106585223811555,0.8455264129116674,-1.4513827728945423,1.8254382424082487,10.37482006070572,-9.64340170744616,-0.4272428492748443,41.2143226734358,-7.480377197265625,0.2511134744773005,50.0,-2.2088972644736304,55.18741003035286,36.42875212731917,-50.47305001247782,323.4446572098369,324.6829264158471,323.4455516468395,326.0699339113036,324.7688140560954,330.7075036352863,322.21499448712945,323.2543571477975,323.810252852083,319.19054651260376,325.99731779837555,321.08771464029945,329.29069168363844,323.9453977528899,321.08771464029945,323.7503425631616,322.8442285299553,325.8393290887007,41.26948477113597,1,0,0.1565267938942895,1,0.3811090130712151,9.489372552188131,25.009451200362303,13.543343767030136,49.3041139696033,6.659425010993824,8152021.486298982,82685.56789149065,-0.0096274259314915,914361.2538399624,33.347348487371605,28268300.0,1.0,64675527.62074788,16.790000915527344,108.83999633789062,19.600000381469727,270993027.2016396,-0.0120722744176211,1.7317940414337665,0,1,-3,0.9594594594594594
142,142,NEM,55.1327600324658,55.83797975913728,54.591767891295255,54.97819137573242,3942800,0.0,0,0,0,0,0,0,0,0,0,0,0,0,0,0,0,0,0,0,0,0,0,0,0,0,0,0,0,-100,0,0,0,0,0,0,0,0,0,0,0,0,0,0,0,0,0,0,0,0,0,0,0,-100,0,0,0,0,0,0,0,0,0,59.48812194575369,59.82779574106107,30.471904684011168,28.335510974477472,-78.57142857142857,34.00420825292629,-2.9877245798727987,46.77765019267355,34.9793228741133,-0.3248243486111302,35.18888423966388,-1.3815943551503764,-1.3185705137339756,-0.0630238414164008,1.246211867842021,56.13093767409187,55.0728630065918,54.01478833909172,-3.195369608963304,-1.72112662975605,-0.0456269115218535,-0.1240308014407136,-85.11446442086262,0.477169860075443,-29.642679217291736,-12.449410281794025,-0.6730244067536106,31.297708231018525,-2.270221710205078,-0.8958038437225675,33.333333333333336,-3.965562690440294,35.17866039135413,31.314562602112005,-82.2843902409379,56.54651070104557,54.830897263485575,55.41449564153498,55.25118525044902,54.88416956507166,55.59264536720104,55.09880725511614,56.48033436083863,56.44621974223817,55.343857280910015,56.07244147617936,55.57617823282877,55.74581801860057,54.85553207321754,55.57617823282877,58.65274149078323,55.6661881181314,55.077095156088575,52.33065779550468,0,1,-0.2869184648703182,-1,0.3610496078580003,1.1935163141959504,24.151449581938746,2.7339379725102617,29.65885033465052,7.136297839808785,-73226866.39740188,-6051346.811595812,-0.3916067673366811,-1276090.0624785037,30.447895734233388,-70264000.0,3.0,49220954.70100803,16.790000915527344,108.83999633789062,19.600000381469727,217377446.2560061,-0.0184038562047429,0.9919297279882984,0,1,-3,0.9594594594594594
143,143,EMR,101.41625614260356,102.87166585399784,101.1900823208542,102.46847534179688,1777100,0.0,0,0,0,0,0,0,0,0,0,0,0,0,0,0,0,0,0,0,0,0,0,0,0,0,0,0,0,0,0,0,0,0,0,0,0,0,0,0,100,0,0,0,0,0,0,0,0,0,0,0,0,0,0,0,0,0,0,0,0,0,0,96.64377019581111,87.5097302019079,12.531918239326462,11.113103818290146,28.571428571428573,16.174271567796684,2.0243888998620228,84.73920907552716,69.13204717311332,0.2176929951916317,57.179532231096886,1.3602774417097407,1.3963581158448168,-0.036080674135076,1.6815835331436375,103.0636985163943,100.92456817626952,98.78543783614477,2.6650281529361024,2.0086894891201013,0.0326934311713131,0.6257311507007,95.20915256150212,1.312858127236592,29.72858405147085,5.223814075821923,-0.1770139513107976,48.55274048496798,0.4179306030273437,0.8767491033851633,58.333333333333336,0.4095329467345587,64.86429202573542,58.52287279545967,-8.48867430152455,101.65722847079157,101.76696561802244,101.0981801813299,101.5375655380996,101.05374656445942,103.322025075477,101.00452710839656,99.61486423287944,99.82597948779178,100.31308455765247,101.01411237407956,100.74067637125653,101.46677773313326,101.65578719912556,100.74067637125653,97.6043822789304,101.09979731557571,101.59077472928831,55.42051330136049,1,0,0.2399448735413628,1,0.4051695925621777,1.6795970646261953,24.4149904335776,2.5961306282989938,59.246609602885066,1.294020934974264,34410568.28995715,779150.9354829378,0.2596357421668459,551077.0865703099,59.44904685903482,86836600.0,1.0,243464090.5039308,16.790000915527344,108.83999633789062,19.600000381469727,180226828.7910208,0.0020404022621096,1.6965116514433956,1,0,-3,0.9594594594594594
144,144,F,12.901655700684223,13.0589928166506,12.803320472106831,12.950823783874512,51195500,0.0,0,0,0,0,0,0,0,0,0,0,0,0,0,0,0,0,0,0,0,0,0,0,0,0,0,0,0,0,0,0,0,0,0,0,0,0,0,0,0,0,0,0,0,0,0,0,0,0,0,0,0,100,0,0,0,0,0,0,0,0,0,13.887963521231352,11.833532242725903,24.584391884043693,20.576249141073863,-42.85714285714286,20.12509353632372,-2.5625422418784187,69.652418816229,45.15872657104395,-0.3176258807640164,49.36974471589687,-0.3116426379721169,-0.2755310117478924,-0.0361116262242244,0.2556723445437683,13.095925156535994,12.6302490234375,12.164572890339006,-0.8919918677028793,-0.3424732685089111,-0.030959900672113,0.1923089619959709,-24.255760524511427,2.979835256306932,-12.18380792546922,-12.046911371559633,-0.7890720008855663,44.78775464832023,-0.7473526000976562,-0.3520680215456803,50.0,-5.455854700280483,43.9080960372654,28.52133239588628,-52.69460199679092,13.218088233567782,12.652341542311325,12.760230896689675,12.787434978084963,12.541270107693949,12.987466850804347,12.591404644552371,12.986925942841754,13.038797587612969,12.65958059951663,13.066474728546192,12.76955779393514,12.936075600598286,12.657022912934671,12.76955779393514,13.492275599128106,12.83477993394019,12.683784029767242,38.966018977536095,1,0,-0.0452345564797512,1,0.2740962843586335,0.3896596865811647,24.14666771729745,0.5015104529437762,60.55156363180853,6.736085264341782,-384976417.7608442,10665085.375558617,-0.1321797341674516,-1006611.0591658824,47.39458781664646,1048916500.0,2.0,12310807454.312662,16.790000915527344,108.83999633789062,19.600000381469727,660506714.4243791,0.0241997669936999,2.1614496637338187,1,0,-3,0.9594594594594594
