,Unnamed: 0,ticker,Open,High,Low,Close,Volume,Dividends,CDL2CROWS,CDL3BLACKCROWS,CDL3INSIDE,CDL3LINESTRIKE,CDL3OUTSIDE,CDL3STARSINSOUTH,CDL3WHITESOLDIERS,CDLABANDONEDBABY,CDLADVANCEBLOCK,CDLBELTHOLD,CDLBREAKAWAY,CDLCLOSINGMARUBOZU,CDLCONCEALBABYSWALL,CDLCOUNTERATTACK,CDLDARKCLOUDCOVER,CDLDOJI,CDLDOJISTAR,CDLDRAGONFLYDOJI,CDLENGULFING,CDLEVENINGDOJISTAR,CDLEVENINGSTAR,CDLGAPSIDESIDEWHITE,CDLGRAVESTONEDOJI,CDLHAMMER,CDLHANGINGMAN,CDLHARAMI,CDLHARAMICROSS,CDLHIGHWAVE,CDLHIKKAKE,CDLHIKKAKEMOD,CDLHOMINGPIGEON,CDLIDENTICAL3CROWS,CDLINNECK,CDLINVERTEDHAMMER,CDLKICKING,CDLKICKINGBYLENGTH,CDLLADDERBOTTOM,CDLLONGLEGGEDDOJI,CDLLONGLINE,CDLMARUBOZU,CDLMATCHINGLOW,CDLMATHOLD,CDLMORNINGDOJISTAR,CDLMORNINGSTAR,CDLONNECK,CDLPIERCING,CDLRICKSHAWMAN,CDLRISEFALL3METHODS,CDLSEPARATINGLINES,CDLSHOOTINGSTAR,CDLSHORTLINE,CDLSPINNINGTOP,CDLSTALLEDPATTERN,CDLSTICKSANDWICH,CDLTAKURI,CDLTASUKIGAP,CDLTHRUSTING,CDLTRISTAR,CDLUNIQUE3RIVER,CDLUPSIDEGAP2CROWS,CDLXSIDEGAP3METHODS,ma50,ma200,ADX,ADXR,AROONOSC,DX,PPO,stochK,stochD,TRIX,ULTOSC,MACD,MACDSIG, MACDHIST,TRANGE,BBupperband,BBmiddleband,BBlowerband,ao,apo,bias,bop,cci,cfo,cmo,coppock,cti,inertia,mom,pgo,psl,roc,rsi,rsx,willr,alma,dema,wma,fwma,hma,hwma,jma,kama,mcgd,pwma,sinwma,swma,t3,tema,trima,vidya,vwma,zlma,chop,increasing,decreasingqstick,ttm_trend,vhf,atr,massi,pdist,rvi,ui,ad,adosc,cmf,efi,mfi,obv,pvr,pvt,ebsw,VIX,VVIX,VXN,Market Cap,DPC,Cumulative Return,PriceUp,PriceDown,AD_difference,AD_RATIO
0,0,AAPL,143.55979928091875,145.49871852888018,143.2913288705531,145.03138732910156,70440600,0.0,0,0,0,0,0,0,0,0,0,100,0,0,0,0,0,0,0,0,0,0,0,0,0,0,0,0,0,0,100,0,0,0,0,0,0,0,0,0,100,0,0,0,0,0,0,0,0,0,0,0,0,0,0,0,0,0,0,0,0,0,0,134.64275441583732,127.45114503117028,30.47892936719561,33.814075614929564,-14.285714285714286,5.211756136526315,2.2341016793111867,40.51217272864207,44.56472660080549,0.3896551051931318,56.405081440727024,2.8955847335038243,3.528991873870889,-0.6334071403670647,2.207389658327088,148.38863516827408,145.61605529785157,142.84347542742907,6.1786080384815705,3.180478413899749,0.018761405732937,0.6666643755584505,-46.84178877185919,-0.2200028236094122,16.657213963637272,3.430545198712632,-0.0156410141753466,48.00524123115095,-0.5269927978515625,-0.2407546277567603,50.0,-0.3620490949349242,58.32860698181863,53.133187006448125,-49.70003636900991,144.76876739503268,146.0644162783351,145.55892528187144,145.19263986440805,145.1841398142758,149.13647543819397,145.62044112209756,145.21324301308724,142.5497358879634,146.66067853569984,145.6975599091624,146.00118611653645,147.4027178772094,144.97831695708345,146.00118611653645,141.02676900286534,145.0887936955362,144.8892875271434,63.55284361821785,1,0,0.4076684274547091,-1,0.3809969034717931,2.79670316428794,26.082239335552583,4.196044575443239,57.492108617233725,2.028191298706685,681874324.4973989,33938700.78503466,0.1881710870000043,-11663765.137258884,46.78694826282776,2467771100.0,1.0,8554069816.022072,18.239999771118164,116.18000030517578,20.809999465942383,10112438397.227486,-0.0021426095950491,1.6644566664700156,0,1,-40,0.5698924731182796
1,1,MSFT,282.8602903015297,284.33821241955263,281.6104859346418,282.6023864746094,20944800,0.0,0,0,0,0,0,0,0,0,0,0,0,0,0,0,0,100,0,0,0,0,0,0,0,0,0,0,0,-100,100,0,0,0,0,0,0,0,0,100,0,0,0,0,0,0,0,0,100,0,0,0,0,-100,0,0,0,0,0,0,0,0,0,264.42442824703664,236.81487399865583,36.65069821459341,36.34802446944516,50.0,20.45306026403233,1.804313246568507,40.64796164821567,55.65616019928515,0.3252941687393651,60.09772308085194,5.453342536499008,5.893227725913473,-0.4398851894144648,2.727726484910818,286.98489488578616,284.3223388671875,281.65978284858886,12.41155167235263,4.993453979492188,0.0211433439101511,-0.0945490056818305,33.05077775373977,-1.0285498447467103,27.05805820607974,5.67446193245794,0.694944468902781,48.29047244226953,4.12628173828125,0.2917400054321681,41.66666666666666,1.4817363745403431,63.52902910303987,65.7791935575013,-33.375750754749056,279.35566331419534,285.22126234719616,283.687168190696,283.59331571138824,285.0004852294689,287.0206560513843,284.8999156250337,280.0501742915342,277.70520187892885,285.0018266439438,281.4712042481956,283.7080322265625,284.0654231302967,284.3390292116956,283.7080322265625,274.0271759990705,282.0980497182927,283.8857380763526,51.651018084531145,0,1,0.0853110920651772,-1,0.4527924088977303,4.103581941941944,25.39519094401836,6.516763235902886,43.97391247039928,0.9415795548326286,433504978.2883652,11932245.808350204,0.2388351383791683,1707362.156299173,62.68672443458252,590427000.0,3.0,922543649.5391704,18.239999771118164,116.18000030517578,20.809999465942383,5924452208.307479,-0.0037380398822645,1.490867270695742,0,1,-40,0.5698924731182796
2,2,GOOG,2710.219970703125,2715.427001953125,2696.283935546875,2704.419921875,1197700,0.0,0,0,0,0,0,0,0,0,0,0,0,0,0,0,0,0,0,0,0,0,0,0,0,0,0,0,0,0,0,0,0,0,0,0,0,0,0,0,0,0,0,0,0,0,0,0,0,0,0,0,-100,0,0,0,0,0,0,0,0,0,0,2543.8840576171874,2103.3863610839844,25.122758229235306,25.339701631218965,42.85714285714286,14.7390476576781,2.3646031777825978,31.59621693369816,51.67625095466454,0.3052809725815564,51.71327168722912,56.387200109704736,53.766157644022464,2.6210424656822724,34.526123046875,2797.011161947932,2738.3359375,2679.660713052068,146.15741613051478,62.05366242237551,0.0305402923354776,-0.3029843132253539,32.71815448883986,-1.8465413606054328,21.983622841046387,9.53962210035524,0.7492855574691231,66.33761174776943,67.510009765625,0.6554401522506549,58.333333333333336,2.5601940155635106,60.99181142052319,67.86341875607198,-41.7465822650141,2645.3085091111143,2740.608136807046,2719.7168812144887,2720.793805315778,2750.799988656121,2755.067064767128,2750.254711128035,2667.154412738916,2648.541760296074,2734.6534218788147,2679.461105365385,2716.338321940104,2701.5454367354323,2738.8069060401235,2716.338321940104,2595.3358850963696,2706.654677292092,2727.340194401128,41.82276575539749,0,1,0.2267822265625,-1,0.4540805313151116,43.792509565941536,26.41654325434229,53.076171875,51.209057808153446,1.467399246153057,12304534.04228414,-703601.4133465849,0.0297153428391893,-4267479.168098774,61.20015318354732,54197500.0,3.0,114543097.033612,18.239999771118164,116.18000030517578,20.809999465942383,3246030458.911133,-0.0063763062553194,1.8788614104872383,0,1,-40,0.5698924731182796
3,3,GOOGL,2700.699951171875,2706.090087890625,2685.10009765625,2694.530029296875,1278800,0.0,0,0,0,0,0,0,0,0,0,0,0,0,0,0,0,0,0,0,0,0,0,0,0,0,0,0,0,0,100,0,0,0,0,0,0,0,0,0,0,0,0,0,0,0,0,0,0,0,0,0,-100,0,0,0,0,0,0,0,0,0,0,2471.03798828125,2076.736395263672,28.78233001304663,28.44686281481028,50.0,30.71645044766212,2.47424523254934,68.78827983380144,74.9100396901792,0.3174657772236244,63.34765767299571,66.19331214555086,53.51391962985642,12.679392515694438,30.449951171875,2749.998880788822,2690.131982421875,2630.265084054928,176.11212158203125,63.029874361478505,0.0577409754482076,-0.293945914510032,88.95153298690899,-1.5652772788154898,36.91081861782149,11.376934392093933,0.904345331069786,58.93469043491564,155.130126953125,2.242524354620102,50.0,6.1089286019877065,68.45540930891075,72.8422053211921,-24.138030633128672,2547.3323006885203,2704.887049771161,2663.247079190341,2689.1708420973555,2731.9665830667777,2709.167063028971,2712.0721007334605,2604.839775593662,2575.50651287368,2641.548475265503,2593.9006839942267,2633.8289794921875,2618.0956271702125,2720.122621251592,2633.8289794921875,2523.608113079018,2649.465250199246,2708.1976847263672,33.86595292839489,0,1,2.4099853515625,1,0.4460457667665484,46.42210699698696,26.100011170219865,50.66015625,43.66271083908163,1.0832842006962045,9534170.594846215,-246888.0584959853,0.0982855142369303,43613158.93909923,59.73316505926493,67452100.0,4.0,135437870.41325635,18.239999771118164,116.18000030517578,20.809999465942383,3453655097.5585938,-0.0081895148101818,1.8741455044414528,0,1,-40,0.5698924731182796
4,4,TSLA,671.760009765625,697.530029296875,669.0,687.2000122070312,29656400,0.0,0,0,0,0,0,0,0,0,0,0,0,0,0,0,0,0,0,0,0,0,0,0,0,0,0,0,0,0,0,0,0,0,0,0,0,0,0,0,0,0,0,0,0,0,0,0,0,0,0,0,0,0,0,0,0,0,0,0,0,0,0,636.878798828125,648.6122503662109,12.74022649773361,17.044704239701552,64.28571428571429,17.716139234333347,-1.1908430621376924,74.08860399900486,62.09181930723573,0.0963875589332863,54.14052782191675,5.465892445833447,4.106140139515957,1.35975230631749,28.530029296875,696.3584422084535,662.7859985351563,629.213554861859,7.442677755916748,-7.897442157451906,0.0362182470250835,0.5411842476831052,190.89622764970247,2.5958497811619115,22.33915974940405,-0.7039380969225604,0.5705642921572592,45.75341024375053,42.98004150390625,1.325331301056307,50.0,6.671640659788336,61.16957987470203,50.981939692847,-13.5493312475933,652.947307768892,667.3148788536213,660.9127252752131,670.1927255483774,666.595743445205,654.4483412929321,661.4486591559119,662.8128058789964,654.8975840155654,650.158499121666,652.7360334973879,653.2363321940104,655.0865646811399,672.2428587105061,653.2363321940104,654.3121085440437,659.1123230432626,669.507425981913,55.7832358408317,1,0,4.13699951171875,1,0.2062171252354282,24.21263809907884,25.58096842275808,47.21002197265625,57.20136432879072,4.823357123326343,1044585683.58748,8816090.197535515,0.0290633179202884,140798880.8738649,45.0035205581917,1978063600.0,2.0,12802143448.113974,18.239999771118164,116.18000030517578,20.809999465942383,19921983553.61328,0.033810973516364,3.392042176021746,1,0,-40,0.5698924731182796
5,5,FB,354.0,360.7300109863281,352.94000244140625,356.29998779296875,15976179,0.0,0,0,0,0,0,0,0,0,0,0,0,0,0,0,0,0,0,0,0,0,0,0,0,0,0,0,0,0,0,0,0,0,0,0,0,0,0,0,0,0,0,0,0,0,0,0,0,0,0,0,0,0,0,0,0,0,0,0,0,0,0,341.29489562988283,296.0328339385986,24.61581263359879,25.545819736618284,42.85714285714286,14.212106047080656,0.747158042342998,36.01414033243446,59.78534745507415,0.2358564668065943,52.89286620636236,6.288291649426867,5.78316725345182,0.5051243959750469,7.790008544921875,379.78768711969786,365.6339965820313,351.4803060443647,18.10052472282854,2.6324993035732405,0.0112534541030397,0.2952484300505753,16.214848727369915,-3.51009032963611,7.336328319712443,6.570029049790223,0.7295729174770781,52.02490205267775,15.139984130859377,0.2616517314201672,50.0,4.437795746377793,53.66816415985621,64.14238703403583,-49.3611142026528,346.63019605214873,363.7576763329317,361.7494540127841,361.2102065719925,369.0620568169633,361.0922238093834,364.6399517610329,351.1739917223677,352.59177659707933,364.87291103601456,353.9656706859518,361.29966837565104,357.0558505354249,364.0863677491049,361.29966837565104,337.9632358941772,360.7718154677895,363.5231003557553,43.0555397705997,0,1,1.748004150390625,-1,0.2646606929868732,8.8306135001174,26.115591528304897,17.60003662109375,42.21271547228936,2.8794957725659054,118512121.4553801,737074.8864379227,0.0085276085501854,-7382973.637612211,51.276688910084935,554608962.0,4.0,1971834355.8136227,18.239999771118164,116.18000030517578,20.809999465942383,5655567366.0,-0.0193905817174515,1.5395320354935065,0,1,-40,0.5698924731182796
6,6,NVDA,194.0478990449048,196.1664672544449,192.4989656526112,194.8573608398437,18349700,0.0,0,0,0,0,0,0,0,0,0,0,0,0,0,0,0,0,0,0,0,0,0,0,0,0,0,0,0,0,0,0,0,0,0,0,0,0,0,0,0,0,0,0,0,0,0,0,0,0,0,0,100,100,0,0,0,0,0,0,0,0,0,183.55907368607456,148.63046157716434,21.67759229470861,33.20239119353365,-35.714285714285715,5.561421873216144,-2.3404319222861067,72.49376742802292,64.4859245423987,0.1917138106299454,57.59723967553319,2.231630456328844,3.148352872665301,-0.9167224163364568,3.987270919654408,197.44280203064767,194.1998016357421,190.95680124083668,0.2432092984271889,-4.595136495736938,-0.0075367989066563,0.2207120494601188,27.71850707179547,-0.6337615847652172,8.028688942738555,-6.768419254060998,0.7316701277827744,42.95982670099255,13.370895385742188,0.3089833126390213,41.66666666666666,7.367433903286713,54.01434447136928,47.34564187104191,-37.07019543039328,190.9596859690777,194.3705161622854,194.1572415438565,194.78738542036567,195.41669561211984,186.4396219840457,194.62898676808425,195.57895498720973,191.0740335812676,193.9760198891163,191.97782246914744,193.5461664835612,193.594960302712,194.6032508219828,193.5461664835612,191.66517254522336,191.6459115611057,194.9135321448826,51.34184683371053,0,1,1.461506669723707,1,0.2758974653551611,6.241239023800348,25.76433791625291,8.963878936089259,47.00705171034612,6.856690986571805,937646597.0463468,17845213.567442417,0.0660884814536992,735279.1787729012,36.51208254706385,2108899300.0,4.0,4202805027.0238223,18.239999771118164,116.18000030517578,20.809999465942383,3560720733.104289,-0.0051744697162349,2.1246678311838467,0,1,-40,0.5698924731182796
7,7,V,245.5703209722752,246.812030016726,244.36833994791115,244.75575256347656,5804700,0.0,0,0,0,0,0,0,0,0,0,0,0,0,0,0,0,0,0,0,0,0,0,0,0,0,0,0,0,0,100,0,0,0,0,100,0,0,0,0,0,0,0,0,0,0,0,0,0,0,0,0,0,0,0,0,0,0,0,0,0,0,0,234.87909814962188,216.383995052004,20.88816784825641,17.366874737446125,78.57142857142857,19.34222861482552,1.9092261582406809,25.54837827740391,50.15872279368418,0.2216486571955833,51.37231060235473,3.4378729702243334,3.4850642771957085,-0.0471913069713751,2.443690068814817,250.41270403765213,246.83785095214844,243.26299786664475,9.017734551153438,4.589039827004456,0.0182829149231946,-0.3333354009142815,18.885991341345942,-1.1485864812405175,14.391440823719782,6.336677661096695,0.3363465199307038,71.01019144783575,-1.7185211181640625,0.0393614014344957,66.66666666666667,-0.6972415792099285,57.195720411859895,61.77160938552334,-43.55064378224183,241.8491698252471,247.0154942082034,245.76194402521307,245.7612076339188,247.43974234839925,249.62197076683265,247.1556344421936,241.25778736694164,242.03968810562864,246.51393648982048,244.5547963361416,245.5759435017904,245.83693823989609,246.51481744265965,245.5759435017904,236.11926258753115,243.97742391370005,246.3761541589045,54.45743506827642,0,1,0.0129127569224834,-1,0.2823893254749532,3.8494976454708856,25.406185591349875,4.778095004602676,65.88546804859784,1.4773257276307146,-188230349.31346685,-2532246.5308888853,0.1012620918679702,-735262.4331032666,68.77415099733724,147363700.0,4.0,-15755229.32160402,18.239999771118164,116.18000030517578,20.809999465942383,1425462042.147766,-0.0036274028654029,1.2744823167501684,0,1,-40,0.5698924731182796
8,8,JNJ,168.23663726780717,168.66566551640025,167.55409908968926,167.90512084960938,5346400,0.0,0,0,0,0,0,0,0,0,0,0,0,0,0,0,0,0,0,0,0,0,0,0,0,0,0,0,0,0,0,0,0,0,0,0,0,0,0,0,0,0,100,0,0,0,0,0,0,0,0,0,-100,-100,0,0,0,0,0,0,0,0,0,163.2684086614155,154.58987175576553,26.82119598920384,26.07771059857538,50.0,27.62016195127977,1.0069135198451005,63.69570169750776,76.91675708457123,0.1216895303006282,58.9159993828549,1.5149976792997393,1.258682546070228,0.2563151332295112,1.1115664267109937,168.41575970363735,167.92266235351562,167.4295650033939,4.589362112062787,1.6557828463040778,0.021063460175797,-0.2982425613363613,90.97244885003268,-0.5164470512135897,28.746204599558,3.330377216335504,0.906181932436158,51.01094690836208,3.997726440429688,0.9435888036514332,58.333333333333336,2.439015307905956,64.37310229977899,69.94430632319478,-14.640219341439732,164.81832235697755,168.21321147924928,167.3558907248757,167.76219625406333,168.66796656136904,170.48099371183577,168.0389056604037,165.7753857879768,165.5303377758427,167.184086561203,165.84913601986148,166.87187957763672,166.71295134013474,168.36687066051465,166.87187957763672,163.77104491523124,166.1435255039095,168.23262364608772,47.73797432985339,1,0,0.2934906689181616,1,0.4391414361150717,1.9310231232496649,25.10654155779951,2.2426488446329245,62.24423120876551,0.8289977627836593,-29412013.46418589,2596055.616574321,0.1697556443182195,1659295.935743905,65.9121473374901,139527400.0,1.0,93651205.90127432,18.239999771118164,116.18000030517578,20.809999465942383,899460357.4886042,-0.0011578166952687,1.1918417651849662,0,1,-40,0.5698924731182796
9,9,UNH,406.78880384043066,409.7696827692148,406.2837248220912,408.2346801757813,1864200,0.0,0,0,0,0,0,0,0,0,0,0,0,0,0,0,0,0,0,0,0,0,0,0,0,0,0,0,0,0,-100,0,0,0,0,0,0,0,0,0,0,0,0,0,0,0,0,0,0,0,0,0,100,0,0,0,0,0,0,0,0,0,0,403.13988918867386,361.9661215681231,17.697548427357983,20.98990137150821,-71.42857142857143,14.54010059984974,0.8358472302548201,36.95572501621013,37.61165484069,0.111017911086142,55.726727603246864,2.093050018012775,2.901873225854719,-0.808823207841944,3.485957947123609,412.3114334805604,408.434716796875,404.5580001131896,4.908882864573855,3.401282090407165,0.003215310136307,0.4147715942883463,-71.52176064980588,0.0721860732024506,3.88381012747756,0.3351663655061248,-0.5074712045656312,61.58380429435302,-7.407684326171875,-0.3801889240793268,66.66666666666667,-1.7822255282009536,51.94190506373878,48.22442135165497,-65.54341017249341,409.4856346264344,409.1751118196813,409.1281283291904,408.3708937851699,407.4233094495125,417.803706601261,408.7314180264728,408.6704926643712,407.7178541429172,410.89728504419327,410.6348862925651,410.0796549479167,412.377695353696,407.6298828415661,410.0796549479167,402.1179715370157,408.772696715831,407.80641195116505,68.36080134024256,1,0,-1.2210719655753903,-1,0.2805584699654178,6.138829323977151,25.40961171409661,6.833244019247218,67.36051671058303,1.4904903500657445,-14427784.23285886,1108274.625230834,0.2139471813912441,-639429.1335821266,48.83398906163296,120036600.0,1.0,221131893.6829783,18.239999771118164,116.18000030517578,20.809999465942383,758335688.1193309,-0.0012642921208209,1.380288165157965,0,1,-40,0.5698924731182796
10,10,XOM,56.03146097669729,56.03146097669729,54.5469304997017,54.78483581542969,28652800,0.0,0,0,0,0,0,0,0,0,0,-100,0,0,0,0,0,0,0,0,0,0,0,0,0,0,0,0,0,0,0,0,0,0,0,0,0,0,0,0,-100,0,0,0,0,0,0,0,0,0,0,0,0,0,0,0,0,0,0,0,0,0,0,57.76226860570612,48.15191025942247,18.335679056471967,17.897601911170547,-21.42857142857143,9.76851361157926,-4.068001000065613,63.58427532840324,73.04357541474435,-0.282136577626213,49.70714384056276,-0.9119213477173956,-0.9432482232388376,0.0313268755214418,1.5321138423393137,56.30097114893992,55.39006729125977,54.47916343357962,-2.4657065451071105,-2.322077482174606,-0.0402354417696373,-0.8397437308195508,-4.5634784906908985,-1.649396128437196,-14.815946717273563,-10.103492238841,0.3552524840481418,36.65180107162645,0.2379074096679687,-0.2316529314967199,41.66666666666666,0.4361517992328201,42.59202664136322,43.17123135005431,-58.34499653826117,53.91079847479133,54.798542067101046,55.05059821388938,55.20454825554694,55.738823279952136,52.84161309594756,55.27091906112642,55.16410173850616,55.66757956936416,54.89049940556288,54.76492299671808,54.813384501139325,54.41040181956765,55.1939204814543,54.813384501139325,56.05476149534105,54.42809838985337,55.31564237567194,42.01668655007892,0,1,0.0171291957124659,-1,0.4134111635152955,1.413991114566184,24.37487387128061,1.7700191580672997,45.22210317332795,7.965667708102287,-328077598.4565742,1765814.198034227,-0.0412029647410446,-5296129.84754055,40.5237128712544,-178676600.0,3.0,2031053647.6929443,18.239999771118164,116.18000030517578,20.809999465942383,1605458245.073112,-0.00203393409088,1.334849909823699,0,1,-40,0.5698924731182796
11,11,JPM,149.65309550186544,150.7221826960814,148.29956292851253,148.86843872070312,9805200,0.0,0,0,0,0,0,0,0,0,0,0,0,0,0,0,0,0,0,0,0,0,0,0,0,0,0,0,0,0,0,0,0,0,0,0,0,0,0,0,0,0,0,0,0,0,0,0,0,0,0,0,0,0,0,0,0,0,0,0,0,0,0,153.10842439884038,136.53261497184218,14.255647635931476,16.23586571781883,-35.714285714285715,7.476183652213485,-0.9996462782352644,59.82346175805369,57.875721951152165,-0.1070348138125565,44.62473772681886,-0.9312245943841616,-1.0734261286848512,0.1422015343006895,2.422619767568875,150.08629802894933,149.0018341064453,147.91737018394127,-0.8055575502132513,-1.5004608936798718,-0.0081995382840296,-0.3238877151364628,2.311754736981478,-0.3169806571013754,-6.2655711087617165,-4.275907870775249,0.0450597703448325,49.2024006627602,-0.1275177001953125,-0.0829528034987964,50.0,-0.0855846717310204,46.86721444561914,46.54476996323421,-48.03087544322954,147.42502109572476,148.67425888206432,148.73362676447087,149.01590894152235,149.40050147469685,149.77338519980685,148.86297066241514,149.8450958460882,149.4046354311538,148.41711562871933,148.61324335404203,148.39176839192706,148.6110857482072,148.97294512790762,148.3917683919271,150.77129504592136,147.70286309859205,149.1295797858079,54.27349985124427,0,1,0.059828432956246,-1,0.2513254924536348,3.134746065180822,25.105262247071472,4.472535469883439,51.49875472300034,3.936803158776432,-99885477.99182338,-709820.6243675053,0.0444367704531818,-3025926.5690061618,36.54214850940415,171582600.0,3.0,1027660618.8154672,18.239999771118164,116.18000030517578,20.809999465942383,1467378532.014891,-0.0036568435609262,1.5839904155930358,0,1,-40,0.5698924731182796
12,12,PG,139.58412841285735,142.0809083355289,139.1417873437811,139.81021118164062,14394300,0.0,0,0,100,0,0,0,0,0,0,0,0,0,0,0,0,0,0,0,0,0,0,0,0,0,0,0,0,0,-100,0,0,0,0,0,0,0,0,0,0,0,0,0,0,0,0,0,0,0,0,0,0,100,0,0,0,0,0,0,0,0,0,133.43334133568277,131.44092444667496,28.6116979233836,21.89580463468208,85.71428571428572,48.861771580753775,1.7357255310960291,51.66402572697326,60.16133859745836,0.155778709030252,55.82346160826924,1.5291216406274373,1.307128509372074,0.2219931312553633,4.973913706622653,140.270447939471,137.93271179199218,135.59497564451334,4.472929355496916,2.339284750131469,0.0373775703973739,0.0769218992406387,204.8276976319833,0.9127375729199227,37.18955199282779,5.687946364702284,0.555805900235018,53.11223849749978,2.5540008544921875,1.8765807668872028,58.333333333333336,1.860754313706292,68.59477599641389,66.89192884644496,-25.60314558040866,136.43145930342325,138.51622679146786,137.5764423717152,138.165389694534,138.1037393280938,139.89644699946518,138.02702446708088,136.98124796415377,135.8554281457911,137.19025605916977,136.74882708126506,137.11375528971354,137.3044498690307,138.62528507414711,137.11375528971354,135.26510758852345,137.44684614875072,138.2854256075694,44.48961520926106,1,0,0.0834198374411102,1,0.4961460773156415,1.911953127801324,25.69373001383656,8.129292998663459,64.580653199131,0.6598974264578267,-151032182.13803586,-2940211.168162644,0.0388364094299985,6116518.164918371,75.16874671915369,118937300.0,1.0,51104373.44978151,18.239999771118164,116.18000030517578,20.809999465942383,2009215819.6131928,0.0160275363432229,1.2321863742251886,1,0,-40,0.5698924731182796
13,13,MA,387.46223819398944,387.46223819398944,381.5656272612171,384.4143371582031,2533300,0.0,0,0,0,0,0,0,0,0,0,0,0,0,0,0,0,0,0,0,-100,0,0,0,0,0,0,0,0,0,0,0,0,0,0,0,0,0,0,0,0,0,0,0,0,0,0,0,0,0,0,0,0,0,0,0,0,0,0,0,0,0,0,371.5156778736208,352.7847663032903,14.50069925914232,13.113836643846565,42.85714285714286,7.771433686635841,1.4486510641035912,37.655835180077965,53.08487538388414,0.1701564884231565,56.09442271111003,4.319509509316902,4.039614953763659,0.2798945555532421,5.896610932772319,393.2376670354475,386.7171813964844,380.1966957575213,12.698962698932462,5.468737088716921,0.0183013546763202,-0.5168903070824321,15.722738347428118,-1.176977701220279,9.193067034741372,5.323970005466787,0.3444254590046902,49.438027131161725,-1.175323486328125,0.1328710951318785,41.66666666666666,-0.3048119818263584,54.59653351737068,57.125270066388026,-29.26979365242042,375.90682605345006,387.01675318011854,385.094355357777,385.3735279003224,387.87438413059823,389.54820089027805,387.6663199150095,379.96527523960174,379.8566162963488,387.2012931108475,382.5711099995715,384.7499959309896,384.4223633763274,386.7227759430006,384.7499959309896,373.2674475423016,380.1080783500906,385.7717145822354,54.50233510144008,0,1,0.0368563617881477,-1,0.2094271002770829,8.27394155369599,25.728578917205105,8.934579287419638,42.856793710796026,2.4586627959063083,-11852431.380026674,555857.768066749,0.1970302896086712,-482657.9073968416,64.66785019422102,48039400.0,4.0,65746405.2379972,18.239999771118164,116.18000030517578,20.809999465942383,981558088.0168334,0.0038709861923411,1.283208568160901,1,0,-40,0.5698924731182796
14,14,CVX,98.67093252682514,99.61877618616192,96.4784569671988,97.4741668701172,12295300,0.0,0,0,0,0,0,0,0,0,0,0,0,0,0,0,0,0,0,0,-100,0,0,0,0,0,0,0,0,0,0,0,0,0,0,0,0,0,0,0,0,0,0,0,0,0,0,0,0,0,0,0,0,0,0,0,0,0,0,0,0,0,0,100.05171530974216,90.83068277304886,25.23609389899544,26.455875424317178,-21.42857142857143,9.34715358990535,-2.4979220277623377,77.93921196602217,83.76561311211886,-0.2255391213625723,57.03833098922016,-0.9972713369520676,-1.3751086382190223,0.3778373012669549,3.140319218963114,98.433755621502,97.1046127319336,95.7754698423652,-2.071216077875249,-2.446740468343094,-0.0048684291900745,-0.3810968163622253,70.64484553181089,-0.6945470880836541,-1.8915679074892733,-5.562634645946286,0.6225831617951649,51.53904161457788,3.054145812988281,0.6474090172331342,50.0,3.2346379282635063,49.05421604625536,49.54227809122085,-32.50004961835603,93.7889883465612,96.59848724488704,96.41492600874469,97.1481155182098,97.99447550919608,94.16464209994211,97.00194368078374,96.19672665943186,96.8524672653906,95.6549590677023,95.289689699797,95.60530344645184,94.89982600141246,97.50622886260444,95.60530344645184,98.27051862617677,95.16673950411574,97.48874580969527,44.31487241594671,0,1,0.3226468374889535,1,0.3639282524880647,2.3130011233610506,23.3494331269338,5.553000193297322,55.01523381124898,5.614251534101665,-43723042.337253794,6997421.205204502,0.0803896487906167,282856.0500479385,35.858714786691124,34104600.0,3.0,439319459.8825151,18.239999771118164,116.18000030517578,20.809999465942383,1213188716.6970732,0.0066418979364444,1.1798543036246771,1,0,-40,0.5698924731182796
15,15,WMT,139.07276753318456,140.80626211024622,139.07276753318456,140.40243530273438,5444100,0.0,0,0,0,0,0,0,0,0,0,100,0,0,0,0,0,0,0,0,0,0,0,0,0,0,0,0,0,0,0,0,0,0,0,0,0,0,0,0,100,0,0,0,0,0,0,0,0,0,0,0,0,0,0,0,0,0,0,0,0,0,0,138.21450259550735,138.54867313659423,17.570338176088395,18.028803166860165,71.42857142857143,8.302066592346106,0.9349550863156588,45.02870235181562,49.34307974679414,0.0810131674038983,52.994016981879696,0.7859729599533409,0.6889514505348058,0.0970215094185351,1.7334945770616628,140.73720576923887,140.27833251953126,139.81945926982365,2.4488079803852543,1.2949977776943058,0.0136694693879544,0.7670446663892371,60.729422654010776,-0.042246646970655,20.50461277890572,2.853570484662684,0.6996863478417592,59.77001522526244,0.975067138671875,0.4108878713378374,66.66666666666667,0.6993369748789391,60.25230638945286,69.37662732780339,-32.029272682892895,139.3984589720632,140.4870297876076,140.0775859485973,140.20806543310206,140.42145553743805,141.9413071330801,140.22792257782754,139.00423388920078,139.18508092442983,140.0512656867504,139.68787971428245,139.9470677693685,140.05164368992928,140.4379474383236,139.9470677693685,138.14362474800998,139.8163393410319,140.31760570400874,65.96163333661035,1,0,0.0866732224382161,1,0.3495563096768754,1.680792998919209,25.46186474134004,3.1616607849827005,65.09217662859405,0.2485260057785308,-142189147.51875937,-46062.129368931055,-0.035451557420597,799852.0282411962,49.45054378397826,7012400.0,1.0,489681297.8374515,18.239999771118164,116.18000030517578,20.809999465942383,757126053.7274101,-0.0100953547578458,1.185668407268342,0,1,-40,0.5698924731182796
16,16,HD,319.8942394123136,323.08484232673914,319.39508327640766,321.2057189941406,2381200,0.0,0,0,0,0,0,0,0,0,0,0,0,0,0,0,0,0,0,0,0,0,0,0,0,0,0,0,0,0,-100,0,0,0,0,0,0,0,0,0,0,0,0,0,0,0,0,0,0,0,0,0,0,0,0,0,0,0,0,0,0,0,0,309.91030047518944,284.92192603463604,17.56972389505405,16.477546903670042,28.571428571428573,23.06581824108172,1.2383385549462165,29.6415290685128,30.8485306796452,0.1614090602048534,54.09379773543736,3.302170892567005,3.1428074514311706,0.1593634411358349,3.6897590503314746,324.5612957118481,320.93755493164065,317.3138141514332,9.578572326742176,3.904648218399416,0.0186869690983686,0.3554377301979138,60.33608583971521,-0.0374449125982277,17.51667058480042,4.407670101824633,0.6194751867632852,51.93624972934363,6.508453369140625,0.631926970102257,58.333333333333336,2.0681633048875048,58.75833529240021,60.79977357226966,-28.371121494345296,318.36075970903346,321.932846855215,320.84751420454546,320.7455228792204,320.83622559821146,327.13838563801806,321.4655363135499,316.20841302592487,316.7610156450288,322.2614345550537,318.7575552002519,321.151567586263,320.4763194068553,321.5399222078578,321.151567586263,311.8427949208439,319.6518195203131,320.41459943198146,50.6980702987544,1,0,0.6400770513004034,-1,0.2947234673563595,4.807494859582445,24.93728954888905,6.635713169022324,58.00408118009774,1.213691589471388,52510891.5716115,1070238.7415955588,0.1384865250882808,1189560.3179705378,63.69893189817234,70107700.0,1.0,43699512.59418917,18.239999771118164,116.18000030517578,20.809999465942383,761732162.8886012,0.0011025892509535,1.342837902754857,1,0,-40,0.5698924731182796
17,17,PFE,41.84489073378276,42.147405044509775,41.65947489418968,41.77658081054688,24763300,0.0,0,0,0,0,0,0,0,0,0,0,0,0,0,0,0,100,0,0,0,0,0,0,0,0,0,100,100,0,0,0,100,0,0,0,0,0,0,100,0,0,100,0,0,0,0,0,100,0,0,0,0,-100,0,0,0,0,0,0,0,0,0,38.55367846971637,35.918729728198834,37.42671086330172,25.07058561926281,78.57142857142857,70.94352110258426,2.958667239084839,80.92669827475164,86.56085121114826,0.2491602488039257,66.50585014913905,0.9123358493467392,0.6256727526196346,0.2866630967271046,0.4879301503200963,42.61769148752644,41.340728759765625,40.06376603200481,2.422372883757383,1.1569077662932583,0.0683911423740406,-0.1399993896484294,127.48536036745718,-0.4737460142373383,55.672671329326896,14.30026502753502,0.9663238572319038,76.01471712065293,2.7540512084960938,3.0237894801468497,75.0,7.057592720363659,77.83633566466345,90.70752345581464,-12.880318156065044,39.66176502738868,41.708934046706304,41.02839376276189,41.48520649729909,41.983919606064944,42.03837705548747,41.871727021940025,41.22106297334483,39.70535369612822,40.46324057132006,39.958264581596126,40.5196964263916,40.196607566362815,42.01865298792199,40.5196964263916,39.64556235374085,40.603207242562426,41.85010793944293,30.4799287183256,1,0,0.22102026495062,1,0.5833531090212656,0.6348272471984718,25.47027370527085,0.9953762918511306,74.28194153746372,0.274872736015373,-328784106.31592494,30278256.03800285,0.2814765925375329,10300837.967113666,75.63119453329642,572351253.0,2.0,3168751244.610028,18.239999771118164,116.18000030517578,20.809999465942383,1036217582.7078824,-0.0080962337271385,1.3340930925680867,0,1,-40,0.5698924731182796
18,18,BAC,37.72730569553815,38.04080532559686,37.27665581665037,37.58035659790039,46210100,0.0,0,0,0,0,0,0,0,0,0,0,0,0,0,0,0,0,0,0,0,0,0,0,0,0,0,0,0,-100,0,0,0,0,0,0,0,0,0,0,0,0,0,0,0,0,0,0,0,0,0,0,0,-100,0,0,0,0,0,0,0,0,0,39.72696621143036,34.03887643594206,17.32747849423063,15.618907494788054,-35.714285714285715,13.113465085425188,-3.313047490201202,67.96563451893003,62.52957302267536,-0.2944737107961059,49.76741242418787,-0.6508840950790997,-0.7234936257996686,0.0726095307205688,0.7641495089464883,37.95722885784114,37.47847213745117,36.9997154170612,-1.3582353098681563,-1.277786915118881,-0.0256160504198267,-0.1923041183921628,21.19026304038436,-0.0654657285320909,-11.252103235862831,-8.737910329062473,0.2558778506819009,39.94898652865936,0.4310531616210937,0.1089206891216568,41.66666666666666,1.1603263634820449,44.37394838206858,42.95940264037878,-53.40050507036995,37.026940773617774,37.26386808648778,37.395645002885296,37.531511346777,37.61634924531826,36.65823181543298,37.42194173177536,38.18787388204095,37.82586703768327,37.22270043939352,37.28959928434484,37.25086097717285,37.07229534573571,37.51386486113444,37.25086097717285,38.6622605120252,37.13655472490149,37.5446617869519,50.52090476437918,0,1,0.1146222519558991,1,0.3035598982814197,0.9562284796266314,24.87062372668377,1.5479002733010534,47.471086274911805,7.146909521677563,548580556.6528851,4198339.508760572,-0.0018246936546336,-4499710.714510903,36.56917680851401,1703604600.0,3.0,4085364469.646077,18.239999771118164,116.18000030517578,20.809999465942383,1743382568.9213874,-0.0010377310495033,1.5764142894896984,0,1,-40,0.5698924731182796
19,19,LLY,241.4964275918538,242.5318379319097,239.2579863867216,240.1158905029297,1905100,0.0,0,0,0,0,0,0,0,0,0,0,0,0,0,0,0,0,0,0,0,0,0,0,0,0,0,0,0,0,0,0,0,0,0,0,0,0,0,0,0,0,0,0,0,0,0,0,0,0,0,0,-100,0,0,0,0,0,0,0,0,0,0,221.078583522958,185.14236915654368,47.0889320977451,47.31231433574719,50.0,56.77880861162574,1.4319117242760209,57.84832848825212,73.79252170724581,0.3389012311954431,59.09858282725203,5.5261950738470205,5.48204911575098,0.0441459580960401,3.273851545188137,243.55651092869377,241.0290100097656,238.50150909083743,11.604190230100896,3.3353606982109056,0.0308473053020941,-0.4216859163798094,76.48088693219637,-1.3545926893496956,30.45347991703235,7.086581850265612,0.9375097965700354,65.95416212461816,10.886581420898438,1.0015501419977684,66.66666666666667,4.749210065891973,65.22673995851616,75.21681700329978,-27.4816381128242,233.6890372290636,241.94313800060024,239.71480324485088,240.6820960411659,243.27427360457835,239.70424690766205,241.61862187710727,235.9597027570512,232.9483824266562,239.0504818558693,235.5267634813452,238.4664560953776,237.7039117026397,242.2290566493141,238.4664560953776,225.09588701436468,237.7233030471569,241.95802418927624,40.92829661002487,0,1,0.9220045940646202,-1,0.4537889401740256,4.177572005982608,23.462167020765857,5.591179083426482,51.8422934144601,1.0184308725370337,-4904576.393099777,866815.4304911755,0.1924546167123079,1371421.923960104,55.18275234753472,59040100.0,4.0,701343499.3066864,18.239999771118164,116.18000030517578,20.809999465942383,460074844.2052407,-0.0105049986926724,1.6429956959854048,0,1,-40,0.5698924731182796
20,20,KO,55.85784430310583,55.95558181927151,55.61349678424438,55.74055480957031,11727000,0.0,0,0,0,0,0,0,0,0,0,0,0,0,0,0,0,0,0,0,0,0,0,0,0,0,0,0,0,0,0,0,0,0,0,0,0,0,0,0,0,0,100,0,0,0,0,0,0,0,0,0,-100,0,0,0,0,0,0,0,0,0,0,53.91603718054841,50.87690685808771,25.74228812049619,20.563345890253977,50.0,31.602845185721527,2.1649783457607823,49.77113501760444,59.19237225278669,0.1563444207081765,56.60303298899082,0.6476496240651457,0.5433621536349773,0.1042874704301684,0.3420850350271252,56.063682584458014,55.73860244750976,55.41352231056151,1.7370516392358155,1.1729308397341995,0.0288508926132307,-0.3428664850136331,76.50653560466256,-0.3865422567313285,29.164648675520137,8.161690282733103,0.7359585756292943,66.3797531034358,0.6157493591308594,0.7853402519523873,58.333333333333336,1.1170095823457515,64.58232433776007,73.69400655686579,-18.86142593442433,54.96157843536599,55.93753778386417,55.60141247836026,55.68984158389219,55.87538690277489,56.350251485105765,55.77399619798904,55.21214058606308,54.778382422111456,55.61437506973744,55.24418724995642,55.50468114217122,55.402875890880495,55.940486846295975,55.50468114217122,54.3713779529163,55.290313479593735,55.80486964996588,52.42861544552974,0,1,-0.0811239321290711,1,0.3976596975245326,0.6664541002342672,25.58783615691162,0.6646197465679227,60.21247418220552,0.5275400055833727,-56526809.93975667,95044.64211847632,0.1621293501325001,1552227.60765706,74.54190473769249,381985000.0,3.0,404945059.2399964,18.239999771118164,116.18000030517578,20.809999465942383,655044940.1425221,0.0014017821133243,1.2450263260256136,1,0,-40,0.5698924731182796
21,21,ABBV,115.38638670703662,115.5318332118409,112.59384488520396,112.76837921142578,9017200,0.0,0,0,0,0,0,0,0,0,0,-100,0,0,0,0,0,0,0,0,0,-100,-100,0,0,0,0,0,0,0,0,0,0,0,0,0,0,0,0,0,-100,0,0,0,0,0,0,0,0,0,0,0,0,0,0,0,0,0,0,0,0,0,0,110.83481008478968,101.74211392961864,16.936905942949632,17.71095423293731,64.28571428571429,2.5917269983720588,1.5359069063490056,60.0032935469742,73.59984770165785,0.1531132597760498,53.10265784307224,1.0903139766053016,1.1130518874171844,-0.0227379108118828,2.937988326636954,116.03521940449716,114.31397705078123,112.59273469706532,2.8850248319974554,1.7213894770695646,0.0061739934849915,-0.8910884607249651,-4.256175175335214,-1.5857471874148106,2.568404180314212,4.00315783273403,0.4531829456934951,72.90050222299385,-1.1635589599609375,-0.6055833341168881,66.66666666666667,-1.0212754901181451,51.2842020901571,64.63228444811129,-52.68026415126932,113.09698938050909,114.4754790862407,114.1221660267223,113.9994086952476,114.72354517464316,116.71331148960688,114.38974739343966,113.33919650997024,112.94475183736752,114.27457028627396,113.73792745515156,114.09613291422524,114.28284876045376,114.22582048566514,114.09613291422528,111.59531350500652,113.63184894999442,114.30156602505387,56.56973814808085,0,1,-0.1357473556094049,-1,0.3828325034498642,1.6401703966471315,24.895451276103422,3.384018035109847,68.5253937991298,0.8321726508478433,-21546699.86684196,2667193.0858250298,0.2532698312436033,-2108668.120337543,64.60352894241737,108718200.0,3.0,239912518.25899908,18.239999771118164,116.18000030517578,20.809999465942383,1040462126.2146906,-0.0002520341143913,1.3211029572768342,0,1,-40,0.5698924731182796
22,22,AVGO,472.21912288021264,476.5106037098316,469.8774425955801,475.589599609375,1154800,0.0,0,0,0,0,0,0,0,0,0,0,0,0,0,0,0,0,0,0,0,0,0,0,0,0,0,0,0,0,0,0,0,0,0,0,0,0,0,0,0,0,0,0,0,0,0,0,0,0,0,0,0,0,0,0,0,0,0,0,0,0,0,460.0054691627152,430.7819386011256,9.636993712221436,11.716356115603183,-35.714285714285715,3.28598582737177,0.2834024773518763,82.55111032552064,72.38149144679527,0.1021049899150527,63.24537231681803,3.639397856407754,3.2769747441149906,0.3624231122927637,6.633161114251493,478.7492637501765,471.2315124511719,463.7137611521672,6.858416552396932,1.3205181024013657,0.0206847637073668,0.5081252620143387,84.9074307500301,0.2365491995127857,17.638809038562705,1.412620689657571,0.7060475721652075,44.75146361215073,16.979705810546875,0.7684781545965483,50.0,3.702429023041343,58.81940451928135,55.76615903956821,-19.180548558464714,463.92531983639367,472.7668159165815,470.5504666415128,472.5051926832932,472.8153394911394,466.68038866797264,471.10638977220754,461.4291582090608,466.8316551257154,469.89035671949387,466.8041929853082,468.9985697428385,468.70134566458455,473.6776786505532,468.9985697428385,454.5803147558837,467.062326457366,472.2481143682075,47.78187425474821,1,0,1.9438892110901973,1,0.1908582105564477,9.101768317328958,25.307282986468763,12.002406212877986,58.75013559826368,2.081101539666555,43426977.30903077,1450289.0780266374,0.2207962582609068,1225586.681101832,69.53278507022065,78094100.0,1.0,127304317.3572959,18.239999771118164,116.18000030517578,20.809999465942383,545318643.1020695,0.0072940198273898,1.636221114770532,1,0,-40,0.5698924731182796
23,23,PEP,153.1698206041265,153.39369264203705,152.43983795802205,152.7610321044922,3757300,0.0,0,0,0,0,0,0,0,0,0,0,0,0,0,0,0,0,0,0,0,0,0,0,0,0,0,0,0,0,-100,0,0,0,0,0,0,0,0,0,0,0,0,0,0,0,0,0,0,0,0,0,-100,0,0,0,0,0,0,0,0,0,0,145.70175314032772,137.8034567693214,35.49876924953959,26.274024693121508,78.57142857142857,40.002141898540806,2.5628221581733337,45.81851924762915,60.14141260332295,0.2406689909802084,57.10850532742672,2.345211091655472,2.2864473632611464,0.0587637283943252,0.9538546840150276,153.80344833225524,152.8603088378906,151.91716934352598,5.842272107905728,3.8012765737680354,0.0299154780909425,-0.4285647557064068,73.46608227812065,-0.261511485140028,40.37222067982441,8.298633617908486,0.7062968239099855,56.430639280342014,1.099853515625,0.5615449355820589,58.333333333333336,0.7252043837840283,70.1861103399122,79.1770771667482,-21.618224116237226,151.5556218752032,153.50454114483574,152.55362465598367,152.69010519814657,153.1062279903466,155.300283895473,152.8945808845092,152.52517299039536,149.90545143730637,152.54949033260343,151.89768828404686,152.38695424397787,152.69144779482542,153.1894112846077,152.38695424397787,149.70374392563627,152.1888493259471,152.99909924975378,48.42299024034304,1,0,-0.0048638446420511,-1,0.6668373084073934,1.711420734612909,25.19184582707404,2.0439856131472425,59.42917913079246,0.383103178966326,24149987.944453582,244208.84364975616,0.0766599337404101,1292278.4744475433,82.14162027113616,167552000.0,1.0,114699088.40964946,18.239999771118164,116.18000030517578,20.809999465942383,575504966.9558845,0.0008904994107159,1.2075767365628085,1,0,-40,0.5698924731182796
24,24,MRK,75.0490957594772,75.67190921602705,74.70848838598602,74.8058090209961,13004500,0.0,0,0,0,0,0,0,0,0,0,0,0,0,0,0,0,0,0,0,0,0,0,0,0,0,0,0,0,0,0,0,0,0,0,0,0,0,0,0,0,0,0,0,0,0,0,0,0,0,0,0,0,0,0,0,0,0,0,0,0,0,0,73.93792817948324,72.19887151068363,16.12875015320755,20.39325063145284,35.714285714285715,8.759272113138103,-0.3107677920678767,34.6395107726426,58.86008058089303,0.068002948764545,51.2044496027687,0.2513111417559344,0.3896036629656173,-0.1382925212096829,0.9634208300410309,76.4602467666548,75.36439208984375,74.26853741303269,0.3121512068609746,-0.2343043302878413,-0.0078187596982465,-0.2525238513586446,-24.52285653740749,-1.014408112331238,-2.0083195297814487,-1.795755769074599,-0.0039803640275374,59.977911449030685,-1.119110107421875,-0.3871928789434152,58.333333333333336,-1.4739694427978731,48.99584023510928,47.47800662897989,-59.40571538155237,74.54865041321534,75.1761066998874,75.17082353071733,75.14096394785635,75.59304338705606,74.73967171917346,75.33215998841085,74.68461105418645,75.08760018898356,75.21349786221981,75.12922578569463,75.1172103881836,75.31695653390159,75.09079706396355,75.1172103881836,74.00002320356757,74.99583921801042,75.32834899186426,62.45706867673732,0,1,-0.0953687403284036,-1,0.226048165098583,1.0785380288193502,24.92104430915995,1.8684539037344048,52.73580143739556,1.7741014182160793,-175353525.22355837,-1064392.7042703629,0.0666860713422755,-1121789.6505418934,40.65262882174683,18446077.0,3.0,114100432.54970989,18.239999771118164,116.18000030517578,20.809999465942383,975975965.8041213,-0.0055448309843438,1.0413129827184828,0,1,-40,0.5698924731182796
25,25,TMO,534.126933162036,542.5249085226641,530.6219308248466,539.2396240234375,1412800,0.0,0,0,0,0,0,0,0,0,0,0,0,0,0,0,0,0,0,0,0,0,0,0,0,0,0,0,0,0,0,0,0,0,0,0,0,0,0,0,0,0,0,0,0,0,0,0,0,0,0,0,0,0,0,0,0,0,0,0,0,0,0,489.8256971324949,478.01108344649526,30.788673119650728,33.88644523172427,50.0,26.26540306678085,1.6235557356318455,81.94133509869732,80.40524535454826,0.3304391119962613,70.11566905575789,11.197318650246984,11.059159433085872,0.1381592171611121,11.902977697817503,540.0992294865968,531.5306518554687,522.9620742243407,22.85464752336179,8.390070597330691,0.043478209517985,0.4295304075331426,148.95021595325608,0.5093294249959448,42.910373421488494,5.955962394072757,0.8780349560911225,55.30183030705628,20.191162109375,1.8436106306752733,75.0,3.8900340894793,71.45518671074424,66.15145368332801,-9.103431595130123,520.8133890913663,535.1833294572623,529.8926236239347,533.339599609375,534.5139957929476,536.9686850163869,531.6924769768026,521.2896967435494,517.2909830939626,527.4403610229492,523.047788336673,526.8453409830729,527.8680008855138,535.7142003551867,526.8453409830729,509.3853986967907,527.0784579247527,534.4827443925711,47.61065581631773,1,0,2.4814645936886564,1,0.3990322662120029,9.043938730595654,24.50527305214268,19.811652774394588,66.14625451200304,1.0115095206726883,-29353358.08914421,1411351.6268720515,0.2674122455066794,2530481.552254984,64.33346701188421,34362100.0,1.0,22576366.00558816,18.239999771118164,116.18000030517578,20.809999465942383,754614531.1713245,0.0063213291024264,1.52395902834568,1,0,-40,0.5698924731182796
26,26,VZ,54.054996185957904,54.199710304928544,53.7945129799505,53.81380844116211,13856900,0.0,0,0,0,0,0,0,0,0,0,0,0,0,0,0,0,0,0,0,-100,0,0,0,0,0,0,0,0,0,100,100,0,0,0,0,0,0,0,0,0,0,0,0,0,0,0,0,0,0,0,0,-100,0,0,0,0,0,0,0,0,0,0,54.07933872502465,54.41282006841795,12.95428423624874,15.11070828530066,14.285714285714286,8.700492197692537,0.1694271355331364,40.31020946192273,39.81280359269931,-0.0056904769254351,44.49704304011023,-0.0426833498609369,-0.0386295805157318,-0.004053769345205,0.4051973249780403,54.26407499554182,53.921862030029295,53.57964906451677,-0.0074705945189776,0.0913351010053631,-0.0017507709571985,-0.5952352839665613,-54.11353652879758,-0.2489967467059932,-5.958867978938097,-0.3754545750086512,-0.4786116904702784,41.508729002262,-0.6560287475585938,-0.3880554292238902,33.333333333333336,-1.2043890369740962,47.02056601053095,47.70422447158439,-69.48059955074842,53.85254944840416,53.90494438921422,53.91221493807706,53.8961846678407,53.9238988972597,54.17163612846271,53.9183198787784,54.099157549038736,53.9574049630748,53.93851247429848,54.00598409312592,53.918325424194336,54.020126023595765,53.87032137508472,53.918325424194336,54.17765251194397,53.89246308041313,53.92277813360722,67.23195714471778,0,1,-0.1630427860404408,-1,0.2224388560412075,0.5702904491647772,25.54629284699436,0.6174434475635027,40.51723599615672,1.0512517013035976,-292426627.0948869,-13088085.292705894,-0.118013758622972,-433672.87161163415,56.55457375095635,-178388600.0,3.0,-77516110.47211105,18.239999771118164,116.18000030517578,20.809999465942383,749034676.6492001,0.0025049044647331,1.0291459873854598,1,0,-40,0.5698924731182796
27,27,COST,423.9586043417245,429.45239930360384,423.91878564969824,427.6808471679688,2283900,0.0,0,0,0,0,0,0,0,0,0,100,0,0,0,0,0,0,0,0,0,0,0,0,0,0,0,0,0,0,0,0,0,0,0,0,0,0,0,0,0,0,0,0,0,0,0,0,0,0,0,0,0,0,0,0,0,0,0,0,0,0,0,393.7923018618842,366.9324554031476,50.48828554841619,41.28666071499579,100.0,70.1984648129467,2.394523662524881,85.26530109869604,87.69492697711853,0.3057403507848777,73.43459630564777,8.813723797985915,8.070997392239123,0.7427264057467919,6.1904669305569655,428.26783278911,422.4685363769531,416.66923996479625,20.797267193402945,9.74714543269232,0.0506582831087578,0.6726604094626424,143.81991327896046,0.406448314569803,55.096403691593125,8.741101209564865,0.9565191076148654,63.43275554901183,20.022369384765625,2.437047395721466,66.66666666666667,4.911554763596437,77.54820184579656,80.28426734990805,-6.459288170995655,413.76454381308577,425.4912578862125,420.9535245028409,423.50886781065617,424.7710845022064,430.9587633762172,423.4949493023494,419.0585951970467,410.6677557480548,419.015481710434,415.18424588381697,418.6096567789714,418.67035897313167,426.0373843480151,418.6096567789713,405.6039397795956,418.4179505309901,424.67470096522186,33.31096382432026,1,0,1.726892178035638,1,0.5249563839981662,5.075653280819432,24.806811715721413,8.041656450244659,68.16931750609159,0.4305023998177948,26489377.17737911,2306210.496473849,0.3286472870336857,3419493.843581952,80.73243552019646,64629900.0,1.0,65720208.23446938,18.239999771118164,116.18000030517578,20.809999465942383,968279056.4560648,0.0101973055452264,1.4383368274007158,1,0,-40,0.5698924731182796
28,28,ABT,119.6341279116075,120.04938505760953,119.04090233970857,119.6143569946289,4688800,0.0,0,0,0,0,0,0,0,0,0,0,0,0,0,0,0,100,0,0,0,0,0,0,0,0,0,0,0,-100,0,0,0,0,0,0,0,0,0,100,0,0,0,0,0,0,0,0,100,0,0,0,-100,-100,0,0,0,0,0,0,0,0,0,113.30304218711385,113.09979033717129,26.04411617264788,28.77684092633087,42.85714285714286,22.18212292977367,1.149308969130071,87.34659062993357,82.47688612470779,0.2111193250503573,62.72288610379624,1.5703927130426365,1.4636890589502385,0.106703654092398,1.0084827179009608,120.25938702971686,119.02507934570312,117.79077166168938,4.333114798992753,1.3402819511217956,0.0257084579523714,-0.0196046165468631,108.10542113825012,-0.1091046808647787,28.07482295537013,3.493787978518901,0.9033389012149996,46.30371452158232,3.4308319091796875,1.0175356439829817,58.333333333333336,2.952941827730249,64.03741147768507,63.79719142422024,-7.913587598084215,117.57091784488884,119.6129806015569,118.82068675648082,119.266298894282,119.63687176945211,122.25480874464756,119.0975169303794,117.46412075099542,117.00534870809626,118.37025584280492,117.6901202861905,118.37351938883464,118.64957146916232,119.6269651085382,118.37351938883464,115.67292744132286,118.26370026453516,119.53759179925858,57.13760023872937,0,1,0.3331961485029426,1,0.4348959668336787,1.7902483717157758,25.13584278927602,2.0861729914931857,53.47613964509936,1.0686006467194915,-42329719.45531884,3040636.043211788,0.2393472972647355,1128731.2624911002,48.99478237349764,155182600.0,3.0,260134221.64715248,18.239999771118164,116.18000030517578,20.809999465942383,560940498.9519452,-0.0006607188652636,1.3375551415121398,0,1,-40,0.5698924731182796
29,29,ADBE,619.030029296875,622.7999877929688,617.2899780273438,621.6300048828125,1403400,0.0,0,0,0,0,0,0,0,0,0,0,0,0,0,0,0,0,0,0,0,0,0,0,0,0,0,-100,0,0,0,0,0,0,0,0,0,0,0,0,0,0,0,0,0,0,0,0,0,0,0,0,100,0,0,0,0,0,0,0,0,0,0,563.8500018310547,501.4220013427735,43.714067349785736,44.33718691525172,64.28571428571429,32.47332694317213,1.8545975358075628,57.72278956063834,55.18881038815815,0.4189207348598733,58.308564216571234,15.203203659328892,16.941019247013454,-1.7378155876845618,5.510009765625,623.1598041961388,620.6660034179688,618.1722026397988,27.71843387379363,11.21050712389831,0.0283865506690925,0.4718640613230537,58.40985295324689,-0.344971847660258,42.99103102530725,6.234173864660691,0.8029486957804698,57.42944094420465,15.530029296875,0.7083566760087919,50.0,2.562288388456313,71.49551551265361,68.444306986203,-29.88062616604477,612.5223443479817,624.4902916035376,620.2192737926136,621.024409367488,622.5017341382639,620.9209591141885,621.8160298526235,611.8042471709886,602.2940142636227,621.2832016944885,614.7593883684583,619.5083312988281,621.159445260018,622.5652276394509,619.5083312988281,597.7187245429462,617.090033241214,621.719262291847,52.20617366227165,0,1,1.9469970703125,-1,0.4706523057273535,9.682720750390704,24.175089724930253,11.09002685546875,56.72710390647811,0.6159634496320546,59466735.12090708,598825.5459513292,0.2259769325718609,1960412.280024248,57.14298244730982,93292100.0,3.0,142936466.90740693,18.239999771118164,116.18000030517578,20.809999465942383,868746743.1152344,0.0032251577537867,1.5475750732421898,1,0,-40,0.5698924731182796
30,30,ACN,315.0124406046382,316.46996062188623,314.2093204174265,314.9826965332031,2305400,0.0,0,0,0,0,0,0,0,0,0,0,0,0,0,0,0,100,0,0,0,0,0,0,0,0,0,0,0,-100,-100,0,0,0,0,0,0,0,0,100,0,0,0,0,0,0,0,0,100,0,0,0,0,-100,0,0,0,0,0,0,0,0,0,293.6024842105894,264.6242783793962,41.72940747833881,38.8135639691385,50.0,45.21876803911733,2.199094519522794,43.50346934933632,61.753372469690085,0.3432013004887269,61.761743986852736,6.298000260424999,6.6453761796954325,-0.3473759192704335,2.260640204459719,317.9394302131011,315.5399230957031,313.1404159783051,15.445034303099249,6.73117261055188,0.0290580286187114,-0.0131573663851431,74.15826730732066,-0.5514313654205835,35.09298533876002,5.553507729196065,0.7393538612282876,66.90535149659502,5.72100830078125,0.6023982065762188,66.66666666666667,1.8498923463425188,67.54649266938002,67.69752171247401,-22.52362498427194,310.37165076998764,316.8105443669109,314.5868075284091,315.0228425139314,316.42703009709606,323.09845358049944,315.74698708667194,311.3817267778285,307.6779194515677,314.86890983581543,312.3453335307937,314.0661977132161,315.73850627933143,315.7935504454101,314.0661977132161,305.5350818571626,313.27508694212884,315.7037775531533,48.26183962876286,0,1,0.4650211549701794,-1,0.5767700097086789,3.933346210844973,25.30896756770504,5.12612942425244,64.76837661022188,0.7197722674555661,13798026.656249998,1053215.918350855,0.2908938353320148,498865.1150609056,73.00819647092686,96023500.0,3.0,105895395.68131302,18.239999771118164,116.18000030517578,20.809999465942383,726229680.5699328,-0.0003461975337317,1.5722082754433078,0,1,-40,0.5698924731182796
31,31,DIS,177.52999877929688,179.1999969482422,175.13999938964844,176.02000427246094,6813400,0.0,0,0,0,0,0,0,0,0,0,0,0,0,0,0,0,0,0,0,0,0,0,0,0,0,0,0,0,0,0,0,0,0,0,0,0,0,0,0,0,0,0,0,0,0,0,0,0,0,0,0,0,0,0,0,0,0,0,0,0,0,0,176.68639892578125,172.00439971923828,12.18585838635281,13.594122828399357,-21.42857142857143,7.287034448790424,0.0826163205989408,51.0301632713914,74.44351037593789,0.0350008044321503,52.03446296700721,0.1683909161373264,0.2991614489106539,-0.1307705327733274,4.05999755859375,180.7858822772202,178.34200439453124,175.8981265118423,1.4005012960994918,0.146731352194763,-0.0089285699829062,-0.3719200529172116,-45.48683165306484,-1.2685434019339257,-6.548396906530169,-0.9702827794708312,-0.1557307666169327,52.29356409444768,-3.2899932861328125,-0.7206163286003692,50.0,-1.834807501493452,46.72580154673492,48.9804381673161,-72.68221199689425,175.77972857383645,177.66105755775638,177.553276200728,177.47615819544228,178.86386419743113,178.4816696049264,178.09655648578513,177.97097869409916,177.47554286907788,177.4693579673767,177.87503519493424,177.33533579508463,178.3284311051566,177.36895844647103,177.33533579508463,178.01966851186202,176.48849992621828,178.00059658912355,50.12905867846062,0,1,0.04000244140625,-1,0.2084608675946463,3.576583459900893,26.66675929649784,7.430007934570312,43.93225910508878,3.585194602984661,40860033.05292534,1798110.7723873854,0.0950620561129602,-2346933.2876248043,67.84877702366138,119265000.0,3.0,2327766842.990129,18.239999771118164,116.18000030517578,20.809999465942383,1209582893.682861,-0.0126800445484345,1.509608852744705,0,1,-40,0.5698924731182796
32,32,ORCL,86.4464254199197,87.17826579815073,85.91237729138659,86.17939758300781,7962800,0.0,0,0,0,0,0,0,0,0,0,0,0,0,0,0,0,0,0,0,0,0,0,0,0,0,0,0,0,0,0,0,0,0,0,0,0,0,0,0,0,0,0,0,0,0,0,0,0,0,0,0,0,0,0,0,0,0,0,0,0,0,0,81.38251096885156,68.48145653813326,30.9193711560277,30.833273401531443,42.85714285714286,19.76330475497317,3.526575459559404,18.934275491470824,19.63006009558636,0.3823861016989172,41.57960052760981,1.737720198508697,2.031054437342061,-0.2933342388333639,1.265888506764142,87.16107776812264,86.55718231201172,85.9532868559008,4.21771168661445,2.961958762926926,0.0260715052478475,-0.2109410390291546,-47.88861470678654,0.1813231800945804,13.06595059360786,6.686520136347141,-0.0023630346000007,53.52341803856228,-0.34613037109375,-0.3856577513257013,50.0,-0.4000326600461346,56.53297529680393,55.7717675225638,-71.35322221855525,87.85092176939436,87.20020596655272,86.91932830810546,86.53694681020883,86.10813553164881,90.1437089681885,86.78515922604703,86.35494907971014,84.81507885987833,87.38631391525269,87.15099633402028,87.32726694742838,88.17834977286401,86.43485458519035,87.32726694742838,83.98805080441419,87.30530648902904,86.41012812435412,57.69653211482139,0,1,-0.0751616623633067,-1,0.4654542179336718,1.776791155796596,26.038686021585487,2.4823099627513727,51.21018890388822,2.4120196870845887,-37423713.49857766,-2073527.960185036,0.0611640136669445,223824.62089853463,49.731895152689575,449110300.0,3.0,883599150.8789295,18.239999771118164,116.18000030517578,20.809999465942383,688355596.3337367,-0.0030792530301332,1.6747943883376095,0,1,-40,0.5698924731182796
33,33,DHR,296.50253063963453,299.06685176630845,295.3850135361964,296.831787109375,2230000,0.0,0,0,0,0,0,0,0,0,0,0,0,0,0,0,0,100,0,0,0,0,0,0,0,0,0,-100,-100,100,0,0,0,0,0,0,0,0,0,100,0,0,0,0,0,0,0,0,100,0,0,0,0,100,0,0,0,0,0,0,0,0,0,264.87915887054163,240.01084248430467,42.0950429500179,40.16834724136997,50.0,48.94293517866773,2.8128500464741264,87.91410770357028,88.51010014028509,0.4228438259417544,67.4634670989317,8.227966100174854,7.583203093317551,0.6447630068573025,3.681838230112021,299.5703664004196,293.1060729980469,286.6417795956742,19.194695637061105,7.875361907176455,0.060196745250219,0.0894271961890225,131.78303728321643,-0.1767449337243658,54.484363427843874,11.035601769776749,0.908363062569426,54.17369070949929,12.671875,2.166758001408481,58.333333333333336,4.459416849454301,77.24218171392194,76.21854351309835,-8.399028189533565,283.74449301514846,295.9945843039632,291.61573597301134,294.32128564794584,296.2219532976457,301.68967544165656,294.4179630659093,287.97519857824363,281.22450170724426,289.1528391838074,285.9913331095672,288.93365376790365,289.15717432047904,296.73021539717973,288.93365376790365,279.2621487046029,288.39715786974244,295.73879928690786,38.98618375974232,0,1,1.123506668985237,1,0.4763487913209189,5.018502730813872,24.86914648207571,7.503385932880292,56.504748295111455,0.5941979216876374,15093247.761466304,1855019.9723570903,0.2561786256660229,3196957.188221473,66.28307871746566,77985600.0,3.0,162703379.8270244,18.239999771118164,116.18000030517578,20.809999465942383,661200643.326385,0.0129188533093986,1.7357521166128185,1,0,-40,0.5698924731182796
34,34,CMCSA,57.20660095074831,58.34935364099412,57.04898001961025,57.95530319213867,22478300,0.0,0,0,0,0,0,0,0,0,0,0,0,0,0,0,0,0,0,0,0,0,0,0,0,0,0,0,0,0,0,0,0,0,0,0,0,0,0,0,0,0,0,0,0,0,0,0,0,0,0,0,0,0,0,0,0,0,0,0,0,0,0,56.17184018114764,51.873888216338656,10.15951212215357,10.093467065681226,57.142857142857146,11.348648536125776,0.5805611107938785,47.91239091593108,58.53413233076992,0.0926900752286741,51.90965437224628,0.396810415190906,0.3570938315390694,0.0397165836518366,1.3003736213838692,58.22330206300848,57.56715927124024,56.911016479472,1.0712414490677773,0.329496212494675,0.021152715015436,0.5757593272259599,109.8316038046576,0.2194683293729018,20.611019107924854,1.1563993115723905,0.678038931015047,47.79285899412102,1.2609710693359375,0.9508721741410094,58.333333333333336,2.2241571990029074,60.30550955396242,58.51184645917002,-25.739557276254065,56.59165621806446,57.618401469107134,57.39610561024059,57.55339586484683,57.66656766564292,57.88017222067472,57.50717270507542,56.63775070357725,56.97969854179743,57.42158070206642,56.994372511816096,57.26603876749674,57.23047980777108,57.68294821514366,57.266038767496745,55.69107677822253,57.08253403449633,57.58421243205522,53.87889938785752,1,0,0.0551686516246421,1,0.2710773202045049,1.0018461466268902,25.135031293802644,1.891450062591957,58.34810369225154,1.1586589723662994,333856603.7800633,516306.09599632025,0.0701611787984299,2320144.0934772203,60.35974668521784,606648700.0,1.0,736876494.3044444,18.239999771118164,116.18000030517578,20.809999465942383,1285907138.1512058,-0.0190878365961995,1.4544924891386035,0,1,-40,0.5698924731182796
35,35,NKE,165.22980175377708,166.4993494408983,164.99177102131824,166.1422882080078,5364400,0.0,0,0,0,0,0,0,0,0,0,0,0,0,0,0,0,0,0,0,0,0,0,0,0,0,0,0,0,0,0,0,0,0,0,0,0,0,0,0,0,0,0,0,0,0,0,0,0,0,0,0,100,0,0,0,0,0,0,0,0,0,0,145.3538925491078,137.011295051361,47.46129334798389,46.90652235524087,57.142857142857146,50.423395627133225,2.194784062524702,91.06313742106302,84.38700226920771,0.5817673971142412,74.67405415934213,5.42934717230213,5.740141191928459,-0.3107940196263294,1.5075784195800566,166.81279972263687,164.56926879882812,162.32573787501937,12.917454490527206,3.478989038711944,0.0481391065415011,0.6052663280261787,122.4014454236037,-0.2147948620368991,50.61965734796621,5.964228637340738,0.8706267718455761,64.2180979964464,7.597412109375,1.5815259917206743,66.66666666666667,4.7919631944765895,75.3098286739831,68.82308221243292,-3.188679659742501,159.74116899652762,166.07979811135655,163.9472989169034,164.99220094480717,165.86937701293309,170.87716376526734,164.77152921861898,161.45315754749495,155.98251611582666,163.41471722722054,161.39858090044487,162.94894510904948,164.46524728392512,165.64421422754796,162.94894510904948,156.43806834106346,162.03760060734774,165.48252325161894,39.07224579277585,1,0,0.939268128006384,1,0.6243095043621146,2.5536653645681047,25.379828693011216,2.499440286425738,71.09624187190842,0.9020427318995607,59470092.772592574,7306010.508911803,0.3252520656505937,5959833.672878,52.233117384422265,105243800.0,1.0,1002748530.7937764,18.239999771118164,116.18000030517578,20.809999465942383,886358748.5279617,0.004158984451841,1.7073929332839215,1,0,-40,0.5698924731182796
36,36,CSCO,54.01997391690238,54.42208321840659,53.95131764179837,54.30438995361328,13438800,0.0,0,0,0,0,0,0,0,0,0,0,0,0,0,0,0,0,0,0,0,0,0,0,0,0,0,0,0,0,-100,0,0,0,0,0,0,0,0,0,0,0,0,0,0,0,0,0,0,0,0,0,100,0,0,0,0,0,0,0,0,0,0,52.32236131300215,46.38709626387352,15.654340199253406,13.047114579045394,35.714285714285715,19.515865333231968,1.3719802451008385,61.19540572732988,66.9103392860807,0.1289490327024189,63.33696228609035,0.5827701194573578,0.4518726564386627,0.130897463018695,0.4707655766082226,54.61797351165696,54.12981491088867,53.64165631012038,1.6453817109196578,0.7229714515881653,0.0305323961955106,0.6041564014940626,90.81104960063844,-0.32187213672044,27.311700035369583,5.971583125631268,0.851041455900064,66.14746371570317,1.637859344482422,1.350015437487355,66.66666666666667,3.109867548781464,63.65585001768479,68.99905705002274,-9.58906477050062,52.86410027256561,54.25333118061201,53.91369275179776,54.07504387168618,54.32739186527724,54.17471863544783,54.196189645814414,53.06885884607938,53.15117830516006,53.9621215313673,53.29448044360846,53.76039810180664,53.49972711567597,54.363976606920325,53.76039810180664,52.02579609713625,53.45790771608328,54.17029392711193,47.24698921161333,1,0,0.0617880266239176,1,0.3220483063294831,0.7161596326479037,24.751156081532145,0.6669266798922988,67.19704881719126,0.7892356962276607,379577539.6046653,10968596.28664273,0.2195085284562582,1327947.206490137,61.70415079193513,371752200.0,1.0,256195137.6539915,18.239999771118164,116.18000030517578,20.809999465942383,725963625.4744678,0.0014546143596203,1.2190215470347971,1,0,-40,0.5698924731182796
37,37,MCD,238.52710210480217,240.05304710225263,236.9229016041861,237.4119873046875,2336800,0.0,0,0,0,0,0,0,0,0,0,0,0,0,0,0,0,0,0,0,0,0,0,0,0,0,0,0,0,0,0,0,0,0,0,0,0,0,0,0,0,0,0,0,0,0,0,0,0,0,0,0,0,0,0,0,0,100,0,0,0,0,0,229.45856672198377,216.435602815904,14.453321089261827,13.151075784405242,42.85714285714286,9.935003879328026,1.3230810300961906,53.320911121375424,68.10902053286536,0.1274516972011641,55.66578520879194,2.6796672847503373,1.918944017565989,0.7607232671843476,3.130145498066554,241.4582252529898,238.44688720703124,235.4355491610727,7.843559419554452,3.0565370412973323,0.0276835924976879,-0.3562501490117499,77.12280076767661,-1.229815582357568,18.792748566388767,6.388864105415241,0.7963371185121673,65.01368536655198,7.7862548828125,1.1317238240749814,58.333333333333336,3.390845965167077,59.39637428319438,66.29575278139566,-21.03731499352421,230.2962166018092,238.595096376976,236.91169072931464,237.6593991793119,240.04646623402,238.3836187841752,238.8472345026651,231.83046478033967,233.09951607394365,237.0351147353649,233.36348743047893,235.94993845621744,234.4062843884053,239.2779726559894,235.94993845621744,229.07478160021344,234.6456175677247,238.76552383507504,40.52949598191011,0,1,0.8969844780937166,-1,0.3418683693676095,3.632794436193356,25.853203319192005,5.311463983794397,57.70086735416748,1.2030660535706972,6340386.4178953385,1359452.4439813346,0.1492606773599087,429289.47466389614,62.11775964856854,67680100.0,4.0,61401887.87947029,18.239999771118164,116.18000030517578,20.809999465942383,557390132.1985017,0.002178194612576,1.307614990021987,1,0,-40,0.5698924731182796
38,38,CRM,243.0,244.2400054931641,241.6300048828125,241.92999267578125,3748400,0.0,0,0,0,0,0,0,0,0,0,0,0,0,0,0,0,0,0,0,0,0,0,0,0,0,0,0,0,0,-200,0,0,0,0,100,0,0,0,0,0,0,0,0,0,0,0,0,0,0,0,0,-100,0,0,0,0,0,0,0,0,0,0,240.44620056152343,232.9406502532959,14.621583430399912,20.20074973647619,28.571428571428573,6.464869738680124,-0.5274677972931037,23.37646714965412,36.02547348589551,0.058466934160517,47.85416393757593,0.9125094468360544,1.2696406884208584,-0.357131241584804,2.6100006103515625,247.9251977500712,244.20799865722657,240.49079956438192,0.7974446016199579,-1.287372393485839,-0.008753947330666,-0.4099643961671801,-7.322073091518186,-1.0211417387141748,-3.010552455916176,-0.3860282145035951,0.568950263705676,47.07372817082429,3.5,-0.1849251696326906,50.0,1.467936126961722,48.49472377204192,52.9982249134113,-53.107722355769226,242.3321024946352,243.83482315309817,244.2905439897017,243.50398243724047,244.0253914881092,239.63845873249045,244.7655814672385,240.7309787699114,243.1287427779549,246.3336140811444,243.04376544373827,245.0800003051758,243.55234457326185,243.64069051230592,245.0800003051758,237.11828949466508,243.1596527347729,243.11035422151764,53.0567048740948,0,1,0.1469985961914062,-1,0.2410324546905946,4.607362543869143,24.82460392903505,5.189987182617188,46.95242365198202,3.096169888470904,12529568.983965974,10317.75669041276,-0.0074199386700565,238773.64525848813,61.475391884401546,90979200.0,3.0,1167330694.1418352,18.239999771118164,116.18000030517578,20.809999465942383,910861200.0,-0.0020124254881492,1.3756793525795332,0,1,-40,0.5698924731182796
39,39,INTC,52.12327647525629,52.3661621928369,51.73465784467054,52.1912841796875,16465700,0.0,0,0,0,0,0,0,0,0,0,0,0,0,0,0,0,100,0,0,0,0,0,0,0,0,0,0,0,100,0,0,0,0,0,0,0,0,0,100,0,0,0,0,0,0,0,0,100,0,0,0,0,100,0,0,0,0,0,0,0,0,0,54.61547878849149,53.76020513778315,16.354816202477718,13.835814907258964,-64.28571428571429,22.37594992341478,-1.7932975459754814,46.37065443643311,35.69479529046802,-0.1612075291766657,43.41510988079536,-0.7748622945799397,-0.5958507526351761,-0.1790115419447636,0.6315043481663665,52.93356128129943,52.07081298828125,51.20806469526307,-2.258238672050375,-0.9666223036937254,-0.031736579188245,0.1076915853844504,-65.55776765725437,1.371723782659841,-16.766990759659954,-8.121732723765556,-0.6967826120030237,41.6431121634399,-1.2144279479980469,-0.8692993792968644,41.66666666666666,-2.273966397254512,41.61650462017002,37.05330619166202,-72.62139939640863,53.71065405679654,51.90781141879866,52.3896562056108,52.15018038983112,51.51129163876978,50.82062025956299,51.93554721458996,53.75068323550643,53.12506704683777,52.58559563755989,53.20753895681634,52.6981071472168,52.992026448506834,51.73937968878906,52.6981071472168,54.439373973418256,52.55483141506196,51.78591285165702,50.58629430708027,1,0,0.1758493967229292,1,0.2425549943814086,1.2492875006023174,25.65530063501564,1.243576628461639,52.966072891892445,4.423261111990685,-604440536.6639671,9067675.512036445,0.0641190579295661,-13217887.475265387,44.71813418341866,-494748900.0,2.0,-4264691064.115364,18.239999771118164,116.18000030517578,20.809999465942383,858246233.4586275,0.0031788102565479,0.8732300424877032,1,0,-40,0.5698924731182796
40,40,TMUS,143.0,145.17999267578125,141.1999969482422,144.02000427246094,6600300,0.0,0,0,0,0,-100,0,0,0,0,0,0,0,0,0,0,0,0,0,0,0,0,0,0,0,0,0,0,0,0,0,0,0,0,0,0,0,0,0,0,0,0,0,0,0,0,0,0,0,0,0,0,0,0,0,0,0,0,0,0,0,0,144.29320068359374,131.56030044555663,19.380363374022213,22.040908577663664,-71.42857142857143,15.482549551689184,-0.380067226601677,54.28446376691725,61.80128250170793,0.018663080327852,54.954062551177415,-0.0478487657031223,0.3659720709219048,-0.4138208366250272,3.979995727539064,145.4763435940374,144.71200256347657,143.94766153291576,-1.2140283921185642,-0.5543572841546336,-0.012599181726863,0.2562827556329145,-92.45220904951806,-0.4036472151780767,-10.22517081998676,-3.2877287530453927,-0.6200791459415563,51.2527930087816,-5.3899993896484375,-0.7787119559172724,41.66666666666666,-3.607522426569187,44.88741459000662,37.66687769096863,-68.66658528645834,144.53010813111294,144.35055380747576,144.59109302867543,144.48154134683674,144.667851056962,143.30073143431136,144.59054994932208,145.379685919003,145.19796393492672,144.6344547867775,145.46492788720462,144.62966817220052,145.50602619593633,144.06342095772632,144.62966817220052,142.37566668222195,144.53291883008603,144.47641884778176,52.40339345501407,0,1,-0.2459991455078125,-1,0.2616054925716731,2.332876246372176,25.481932051289785,8.569992065429688,40.64681526793749,2.736454772107836,61624049.10041017,454995.6675327793,0.006014175690335,-1781340.6082164363,45.56750649527167,225800400.0,3.0,302320283.86937386,18.239999771118164,116.18000030517578,20.809999465942383,943842900.0,-0.0171821305841924,1.3682900878099389,0,1,-40,0.5698924731182796
41,41,AMD,101.5999984741211,106.97000122070312,101.37999725341795,106.19000244140624,125632000,0.0,0,0,0,0,0,0,0,0,0,100,0,0,0,0,0,0,0,0,0,0,0,0,0,0,0,0,0,0,0,0,0,0,0,0,0,0,0,0,100,0,0,0,0,0,0,0,0,0,0,0,0,0,0,0,0,0,0,0,0,0,0,85.80779998779298,85.25870002746582,24.0022661397661,27.08939963786272,64.28571428571429,48.55926598687693,1.180377192453848,90.25621301716824,82.25061266669644,0.3717620168084634,70.57294999676894,3.6530711468030432,2.250097539343457,1.4029736074595864,5.590003967285156,109.92905887901992,97.98399963378908,86.03894038855822,7.684117283540615,1.0783335856902312,0.1623885095651795,0.8211092503954589,225.4729313802872,2.9668022875713653,59.08846426790919,13.102670555802485,0.9030800894474624,54.139888760570464,20.30000305175781,4.842960610381951,66.66666666666667,23.634885546645368,79.5442321339546,75.33204211679616,-3.431582332164254,88.82486786245244,100.4032241396725,96.62981830943714,100.71412610674236,101.68139299334916,97.1682282613809,104.4601684690382,98.2682797475454,90.8100643145161,92.06236347556114,90.7773429819254,92.79066696166991,91.90907227107068,103.03565455630653,92.79066696166991,89.96712891546309,97.6443099477269,101.8820229827715,32.12987653815792,1,0,1.97300033569336,1,0.4712379206581313,3.729922805446177,27.229853158290936,7.94000244140625,73.13113178313802,5.356063281642513,827328024.745791,116985274.99725412,0.2975478752325905,262403045.74374303,72.54243436710284,735076300.0,2.0,10236568121.2409,18.239999771118164,116.18000030517578,20.809999465942383,12764211008.30078,0.051977599377641,1.8162316941068235,1,0,-40,0.5698924731182796
42,42,WFC,45.42892826596445,46.00832894865637,44.90845101997807,45.11467742919922,25794000,0.0,0,0,0,0,0,0,0,0,0,0,0,0,0,0,0,0,0,0,0,0,0,0,0,0,0,0,0,0,0,0,0,0,0,0,0,0,0,0,0,0,0,0,0,0,0,0,0,0,0,0,0,0,0,0,0,0,0,0,0,0,0,44.33062133415382,35.914062301538735,11.418206431166938,13.851175123323925,64.28571428571429,17.102430404667526,0.6387130956253375,75.39283408000294,68.38686925508863,0.0151030094637238,50.75185559096054,0.2720765160296707,0.0470372000672218,0.2250393159624488,1.0998779286783034,45.87310527842905,44.800428009033205,43.72775073963736,0.9872359020547136,0.2808243189102555,0.0260982877394975,-0.2857142857142885,126.52900285178684,0.0711024030148148,10.530237513546489,6.689411213116574,0.6618677600743381,57.45873285510942,1.6301765441894531,0.7824636953104114,58.333333333333336,3.748868012766859,55.26511875677325,59.09761695735052,-19.95614163420737,43.94540147418249,45.01655031768187,44.65972900390625,44.96648086867966,45.148049194645246,45.54968861629188,44.89582507988189,43.77300023683773,44.09855298722982,44.233935713768005,44.0769145934119,44.3316697438558,44.04437287977416,45.290947986459926,44.33166974385579,43.20875427485032,44.19401903214443,45.14886549677032,54.65075960251813,0,1,0.2828253714272387,1,0.1960601293066144,1.2549095336999738,25.202383304767245,2.121196200427704,58.10669388043164,2.935693075823832,95292504.86543958,10834903.99568574,0.0981776067300279,3746175.831693856,58.92824804296725,1039770700.0,3.0,2831652743.660245,18.239999771118164,116.18000030517578,20.809999465942383,1171793775.692287,0.0080627095718444,1.7247583651369072,1,0,-40,0.5698924731182796
43,43,LIN,298.0795033356334,304.3880583638064,297.6852242866657,302.99822998046875,2516600,0.0,0,0,0,0,0,0,0,0,0,0,0,0,0,0,0,0,0,0,0,0,0,0,0,0,0,0,0,0,0,0,0,0,0,0,0,0,0,0,0,0,0,0,0,0,0,0,0,0,0,0,0,0,0,0,0,0,0,0,0,0,0,289.3740267085943,264.5873827545996,14.607254826313245,12.542852821069662,64.28571428571429,39.86432473478431,1.0709447705228767,68.02102280796657,67.5150630638538,0.0769140231085874,63.53591403593478,2.8161688418273343,1.3984967031557505,1.417672138671584,9.216396986853283,303.1974220988703,295.9148803710938,288.63233864331727,8.310010257503222,3.08673095703125,0.0512557601954479,0.7338278985019412,171.70844401467278,1.2506798789863065,35.724570408492134,5.613842443546075,0.8560237180393363,61.45469977975263,17.07257080078125,2.900177429766411,66.66666666666667,5.970982404923708,67.86228520424608,67.39432529385108,-5.412562502179772,287.77584183664044,297.6371243466316,294.8094499067827,297.3527710387757,297.62238982230446,298.71918742324686,298.17403870837325,289.30425603239524,290.58519249005815,293.2837049365044,290.0555581330126,292.67648620605473,290.9903492331844,299.4547695416605,292.6764862060547,286.0358166530689,292.5158613167075,297.8600590000377,33.85229506344188,1,0,1.249886001805794,1,0.2996568364436103,4.483642398961404,24.780047528350067,11.39478346812632,69.8538191392878,0.8805025052208733,-34252638.34244752,1133419.6449706107,0.2116779159543426,3641240.598196886,65.23970758346358,2260400.0,1.0,83967143.02454175,18.239999771118164,116.18000030517578,20.809999465942383,750146878.094455,0.0157194696195563,1.4665802449838283,1,0,-40,0.5698924731182796
44,44,PM,96.23925018310548,96.58540054850997,95.69117999386005,96.23925018310548,3523100,0.0,0,0,0,0,0,0,0,0,0,0,0,0,0,0,0,100,0,0,0,0,0,0,0,0,0,-100,-100,100,0,0,0,0,0,0,0,0,0,100,0,0,0,0,0,0,0,0,100,0,0,0,0,100,0,0,0,0,0,0,0,0,0,94.07882010447813,82.7944596462452,11.615386745989968,10.767514371842877,50.0,7.126006969244777,-0.2591792377468562,79.67248548719185,83.02488345264733,0.0219298371848308,65.1770802508565,0.3963195581007284,0.2299182402168339,0.1664013178838944,0.8942205546499054,96.86511784679666,95.8065673828125,94.74801691882834,0.7884677285258306,-0.2459931006798399,0.0139802878557095,0.0,94.45420308671996,-0.725795410610734,14.068291654477486,0.1759387540241866,0.4909919680369495,56.66692531689621,1.1442108154296875,1.1393601793107984,50.0,1.2032287099705608,57.03414582723874,54.874758759288,-8.071717751492713,93.00682508985084,95.74092420315196,95.2177622014826,95.8329906330242,96.5273825211985,95.04443073815877,96.0825254423279,94.26711589494776,94.82973943556644,94.6962294280529,94.37031735787644,94.56363296508788,94.45786390808796,96.1757891713168,94.56363296508788,92.70186064081126,94.16358767926528,96.1848606692504,45.57039231493752,0,1,0.2317269382613403,1,0.2373222392333625,1.3819766345940132,25.799951678811496,1.980747627854497,56.435808227709,2.2396848271583374,38184442.54901425,2377805.682465464,0.0595546874030879,140130.04590187062,56.583260751605735,122744700.0,3.0,204979856.4684005,18.239999771118164,116.18000030517578,20.809999465942383,339060502.3200989,0.0079556566276377,1.4495570300863048,1,0,-40,0.5698924731182796
45,45,UPS,185.1268159581608,187.69910375361928,183.48991230079025,186.45193481445312,3741600,0.0,0,0,0,0,0,0,0,0,0,0,0,0,0,0,0,0,0,0,0,0,0,0,0,0,0,0,0,0,100,0,0,0,0,0,0,0,0,0,0,0,0,0,0,0,0,0,0,0,0,0,0,0,0,0,0,0,0,0,0,0,0,202.5809255929772,174.76187314704657,23.52729792622799,21.36714678720235,-50.0,58.034123708914734,-1.2252431316606474,9.009987165966637,10.97582365020336,-0.0509517038915441,36.694387617622255,-3.2290354835111827,-0.5842579717934027,-2.64477751171778,4.209191452829032,204.73420531027529,191.02359313964843,177.3129809690216,-9.506806917308609,-2.4825990138909617,-0.0797992296057475,0.314815534323506,-132.95652971906924,0.8877977929039286,-50.296056727529205,-11.7504881794352,-0.8406291746496176,34.43785987215445,-18.717300415039062,-3.716475110787119,33.333333333333336,-9.122859182129728,24.851971636235405,16.11687521104051,-88.4805167814552,206.6925333886123,189.7157579862578,194.6311742609197,189.70688261018768,184.5877627286224,199.4315609980061,186.41522787586632,192.707634499632,197.3787639705462,201.7576293349266,202.64786211463752,200.2604471842448,202.6274354266876,185.77338677503863,200.2604471842448,198.1696290097411,194.44655724974984,185.4475667708991,32.94187395759647,0,1,-0.435536797233064,-1,0.4486676802187063,4.335507280003545,24.41328574354531,8.856844209369001,14.063011942434263,5.374069487352057,23319889.28203072,-793317.727506198,0.0851110368112146,-20493670.98273982,11.85960837805274,115033100.0,3.0,722316039.2123495,18.239999771118164,116.18000030517578,20.809999465942383,692670494.5890545,-0.0156970674384546,1.879983350327895,0,1,-40,0.5698924731182796
46,46,BMY,66.52102483207,66.88217602542439,65.87679711360454,66.24771881103516,10008000,0.0,0,0,0,0,0,0,0,0,0,0,0,0,0,0,0,0,0,0,0,0,0,0,0,0,0,0,0,0,0,0,0,0,0,0,0,0,0,0,0,0,0,0,0,0,0,0,0,0,0,0,0,-100,0,0,0,0,0,0,0,0,0,64.78978679180993,61.25849487844291,18.34660489531485,16.44994257528235,57.142857142857146,20.26791970222977,0.7327573641245233,58.62498221127041,61.69998741855303,0.1093978851337107,57.33023093233699,0.507707392376517,0.4860032011669469,0.02170419120957,1.0053789118198466,67.20175700780848,66.36094360351562,65.52013019922276,1.1462422177406637,0.479986728766022,0.0113509583907704,-0.2718437972208182,58.96777527045121,-0.6934794767466671,11.110998710052565,2.380118061833751,0.6542847875572614,49.51566988586245,0.5563735961914062,0.2732087374698422,41.66666666666666,0.8469511384974426,55.555499355026285,58.84238946619834,-40.11451060825005,65.52167761582625,66.52354620319963,66.29084222966975,66.38245989392688,66.6639485599991,66.63332046055801,66.48683945035886,65.19587007699108,65.77076102135675,66.26342336833477,65.92378486049373,66.16604868570963,66.16463886485712,66.53269861837013,66.16604868570964,64.41714294115351,66.04126554630967,66.50292484074222,52.71943758391087,0,1,0.0673509327586217,-1,0.2890581057288636,0.9799146021390424,24.904108782927967,1.7374535818629795,40.65771908608345,1.0339357425552196,-109751737.01519588,4093202.211401448,0.2575969409743875,526825.3583122282,50.30244154426063,309600700.0,3.0,384399406.7562524,18.239999771118164,116.18000030517578,20.809999465942383,665742416.5193565,-0.0123188448833319,1.1819934322457293,0,1,-40,0.5698924731182796
47,47,QCOM,146.56291213571168,147.7515321847433,145.73776259159143,147.15231323242188,8404800,0.0,0,0,0,0,0,0,0,0,0,0,0,0,0,0,0,0,0,0,0,0,0,0,0,0,0,-100,0,0,0,0,0,0,0,0,0,0,0,0,0,0,0,0,0,0,0,0,0,0,0,0,0,100,0,0,0,0,0,0,0,0,0,135.30736168969443,137.30048532440736,15.218495635181526,15.683064010701106,57.142857142857146,30.16503338384329,0.8205135801365603,81.82822997735248,69.7100331336805,0.1911583933208893,70.06854309065685,2.372988412064103,1.7587109684533724,0.6142774436107308,2.5835264709085664,150.9582425473766,142.95975646972656,134.96127039207653,4.670301266983074,1.143655434632933,0.0557416831972978,0.2926854684441262,185.87206863833288,0.9934665273850886,30.219941356834905,5.400000043699438,0.7620051589276224,51.91063187658844,9.911651611328123,2.259417637820146,50.0,7.222095473929646,65.10997067841745,61.49463620662282,-11.692764972859264,138.58524593882737,144.62204856530678,142.5711112282493,144.65865491320204,144.63507949365882,143.16359907476098,145.76637947871322,139.26018637789414,139.74111836084987,140.61135759949684,139.77911814187755,140.76327514648438,140.57299188825004,145.7769678927953,140.76327514648438,136.69684764818172,142.12490086513546,144.79632165285807,45.83451275703377,0,1,0.9469614207657286,1,0.3059616045816171,3.3146406077105937,26.03020632724911,5.196515016381852,49.07223764064463,1.8168666081273868,80066735.02397478,14957306.427056976,0.3430992180459171,19516512.91807163,55.99508174922332,152547900.0,4.0,887852861.4787487,18.239999771118164,116.18000030517578,20.809999465942383,1231831963.9182296,0.0184299687951046,1.716731913757789,1,0,-40,0.5698924731182796
48,48,NEE,76.42158079788169,77.27418914976367,76.18637179046708,76.34317779541016,5488900,0.0,0,0,0,0,0,0,0,0,0,0,0,0,0,0,0,100,0,0,0,0,0,0,0,0,0,0,0,-100,0,0,0,0,0,0,0,0,0,100,0,0,0,0,0,0,0,0,0,0,0,0,0,-100,0,0,0,0,0,0,0,0,0,73.03466717814514,74.14755555585505,18.357860663948195,14.348988757418416,100.0,35.353611362367225,1.8923617246421869,78.65965225571624,81.56649421336404,0.1801337262953728,60.56916152939657,0.9411158003629794,0.8259108862485597,0.1152049141144196,1.0878173592965936,77.02199707422626,76.18246002197266,75.34292296971906,2.2467440449152747,1.4056937877948457,0.0277409550498206,-0.0720736820399972,114.65384437772812,-0.3249256588057048,24.634497485369725,6.229380756544034,0.4741379394450958,59.23839120478918,-0.0196075439453125,0.7280647246562473,58.333333333333336,-0.0256768317946742,62.31724874268486,64.52944247472267,-22.51176275531361,75.09750321465373,76.49288978257799,75.92747664018111,76.23921721131651,76.62435955470764,76.8177908172344,76.16249863662979,74.85813753838706,74.88779786327126,75.49049064517021,75.42801035305648,75.5660285949707,75.73521152272161,76.54274972542973,75.5660285949707,74.10372665799574,75.57193655660969,76.54907762504533,55.8793248386604,0,1,0.0352813500141495,1,0.3122412966805409,1.2373852012764688,24.99877438071137,2.2736352322048106,52.64342001078657,1.120895209154184,-146552108.86648113,2632379.0846221745,0.1575604409250617,732683.397946483,67.47936990614849,-22055500.0,3.0,-51589385.35494438,18.239999771118164,116.18000030517578,20.809999465942383,419470414.8414928,-0.0002563737314412,1.2488800315652238,0,1,-40,0.5698924731182796
49,49,TXN,184.85672479393992,187.2593688873468,184.72923260909144,186.9357452392578,2521600,0.0,0,0,0,0,0,0,0,0,0,0,0,0,0,0,0,0,0,0,0,0,0,0,0,0,0,0,0,0,0,0,0,0,0,0,0,0,0,0,0,0,0,0,0,0,0,0,0,0,0,0,100,0,0,0,0,0,0,0,0,0,0,183.9105752437226,169.6382688436328,8.929888706289777,8.937492314965844,-14.285714285714286,2.1492229721077343,-0.6760252239717591,85.76427282076793,66.26290169267212,-0.0005807372701505,53.493269087272445,0.2031434152000031,0.0844009299691331,0.11874248523087,2.530136278255356,188.3993402554464,184.50173645019527,180.60413264494423,-0.332170730171839,-1.250303219526245,0.0107410512114121,0.8217029506218827,78.33373505774655,1.0607507733437136,8.828537796698628,-1.5806315203157535,0.3269455430063164,62.74356635341263,5.425308227539063,0.7765249042103247,66.66666666666667,2.988978659771946,54.41426889834931,49.29858661955577,-23.17950439678265,183.83658509076167,184.8414200984904,184.3468328302557,185.2724663794457,184.8274266252471,182.3476131393019,184.3461009891834,184.09028938740272,184.2138127453283,183.153689712286,183.62000723175112,183.6018864949544,183.74951043008787,185.39967356600403,183.6018864949544,181.6655528256541,183.23068965639504,185.04000484070377,64.24174102918225,1,0,1.4124866343505942,1,0.1748834237653408,3.819830090493152,25.93476016936788,4.285568577018523,71.78697583809472,2.865517182861536,74762327.3707652,3438169.2602378577,0.135135461677381,-2903585.4815960126,54.899976334826285,90204600.0,2.0,42456693.03187138,18.239999771118164,116.18000030517578,20.809999465942383,466134717.2403989,0.0035135374748451,1.5068601686375165,1,0,-40,0.5698924731182796
50,50,COP,55.56703667315055,55.70409733946993,54.54889786499855,54.88175201416016,8660100,0.0,0,0,0,0,0,0,0,0,0,0,0,0,0,0,0,0,0,0,0,0,0,0,0,0,0,0,0,0,0,0,0,0,0,0,0,0,0,0,0,0,0,0,0,0,0,0,0,0,0,0,-100,0,0,0,0,0,0,0,0,0,0,56.95012915943301,47.116237480172416,16.629218582820403,16.25275321514041,-21.42857142857143,11.49640283643532,-3.649546365607022,60.0487196223882,68.71839828906747,-0.2022854784358485,49.03236061821146,-0.6224723822427762,-0.6115030184651913,-0.0109693637775849,1.3314121935951988,56.14499232095076,55.42214813232422,54.69930394369767,-1.933652895342256,-2.07133075518486,-0.0330202064539497,-0.5932175993275765,-2.1904032370142072,-1.5080555644756952,-9.46271178364153,-9.599931834042884,0.4972627133114996,40.27751535605164,0.9605064392089844,-0.0672135494179957,41.66666666666666,1.7813135230228871,45.26864410817923,45.41578176852965,-52.90594659466864,53.94567816477521,54.90565665619374,55.11560016978871,55.2360588020378,55.73062800783301,52.924688347130754,55.32027308075541,55.06819700458661,55.51637959195336,55.03522418439388,54.689076613746224,54.91692428588867,54.520419536383,55.23895073529227,54.91692428588867,55.69081409119677,54.457588072436266,55.35162301875789,45.78349323267128,0,1,0.1990730499192397,-1,0.3395439012807535,1.704494603611056,24.95638708051969,1.9383876753955749,46.20732098937012,8.73209208694074,-119809412.94823964,384333.4689454436,-0.0704506473243653,-1251474.645431145,39.18185492047704,-110315500.0,3.0,475451146.840225,18.239999771118164,116.18000030517578,20.809999465942383,481216094.293151,-0.0114941726940596,1.4136016840953198,0,1,-40,0.5698924731182796
51,51,T,20.04750857494832,20.068708561549062,19.793115873782018,19.821382522583008,49652913,0.0,0,0,0,0,0,0,0,0,0,-100,0,-100,0,0,0,0,0,0,-100,0,0,0,0,0,0,0,0,0,0,0,0,0,0,0,0,0,0,0,-100,-100,0,0,0,0,0,0,0,0,0,0,0,0,0,0,0,0,0,0,0,0,0,20.05127734598292,19.82631895857254,10.531735469683747,10.387362493953551,-7.142857142857143,3.070582658321979,-0.2958100310491164,48.66470771396623,57.31125989195897,-0.0517159427187219,46.37253191213362,-0.0671355847863672,-0.0843878347483989,0.0172522499620317,0.2755926877670447,20.03406668039547,19.889219284057617,19.744371887719765,-0.0369239554807272,-0.058922902131691,-0.0049092004434475,-0.8205081716698194,0.9169497949243824,-0.5220803293591819,-8.929086301475351,-1.6834278621203005,-0.0429893222222544,55.84877458768208,-0.2049274444580078,-0.2044026882738455,58.333333333333336,-1.023291084554634,45.53545684926233,47.47709733966509,-51.32736696594133,19.73494322022625,19.858622646053767,19.86018243269487,19.870747866330447,19.9178704329243,20.16720494701444,19.877614001682783,20.05420705067855,19.90081939137585,19.865574050694704,19.852279513829743,19.8439936319987,19.857815637176287,19.871781627309083,19.843993631998696,20.32186166434388,19.808323639195564,19.880696122017905,62.81821593071582,0,1,-0.0310925991809548,-1,0.180984737468311,0.2791206868693491,25.85514579320617,0.3815915644989336,55.64354556713887,1.4800744271055517,-1437634370.7765765,-11548941.957897425,-0.1267006625609402,-1103789.4511236085,60.624957419655125,-247825529.0,3.0,-1249074650.1725245,18.239999771118164,116.18000030517578,20.809999465942383,995417199.1386628,0.0063852955440011,1.0220968500851724,1,0,-40,0.5698924731182796
52,52,MS,93.81568215501018,95.05755831064832,93.41475686557904,93.85479736328124,8320800,0.0,0,0,0,0,0,0,0,0,0,0,0,0,0,0,0,100,0,0,0,0,0,0,0,0,0,0,0,100,0,0,0,0,0,0,0,0,0,100,0,0,0,0,0,0,0,0,0,0,0,0,0,100,0,0,0,0,0,0,0,0,0,88.43085158315502,73.65937253902489,24.19108085066919,21.32402690282813,64.28571428571429,37.19378140509585,2.3721898482145,70.46020366541683,75.35809822088181,0.2486984235802403,51.77107936249514,1.8234472902293533,1.4726862852975382,0.350761004931815,1.6428014450692672,94.3050647255414,93.72642211914062,93.14777951273985,5.134702402621855,2.125893764006776,0.0472837414593179,0.0238100644411237,88.3402184638952,-0.6097294813602827,24.897856238781955,10.680880636317427,0.8314499685331252,44.88476153902707,5.275421142578125,1.0221670911306748,41.66666666666666,5.955586241016153,62.44892811939097,67.29672498719765,-11.978766704566366,90.7069334908212,94.17637749471368,93.17173170609908,93.62286099520595,94.36083512739764,95.11696809105696,93.72984223233084,89.97158451435733,90.59310484507454,92.90659675002098,91.40430797553618,92.65800043741862,92.07796963759614,94.44593294163543,92.65800043741862,88.00886232382952,91.9745167371996,94.06167073222072,45.08437821418978,0,1,0.6184710989964131,1,0.3392560873537118,2.21138786025449,25.36668828888872,3.578960739259628,40.57548269443026,1.3433290150535988,71330196.02285272,3985888.909415871,0.1596877975909369,3641855.147569108,61.38199842421026,360932700.0,4.0,1035526690.8146768,18.239999771118164,116.18000030517578,20.809999465942383,780621528.0754087,-0.0022879189355812,2.145275115434256,0,1,-40,0.5698924731182796
53,53,RTX,85.35489885239238,85.7359032865171,84.6612752042825,84.944580078125,4443600,0.0,0,0,0,0,0,0,0,0,0,0,0,0,0,0,0,0,0,0,0,0,0,0,0,0,0,0,0,0,100,0,0,0,0,0,0,0,0,0,0,0,0,0,0,0,0,0,0,0,0,0,0,0,0,0,0,0,0,0,0,0,0,84.8570522594134,73.78798976574511,17.39676560447181,18.24658964611054,42.85714285714286,6.879746049847749,-0.0559108247230362,46.71391525430915,57.36065199054633,-0.0278451424315484,43.61127343833002,0.2464012526333192,-0.0690049718812516,0.3154062245145709,1.0746280822345966,86.66267723059714,85.18295745849609,83.70323768639504,1.2578920311810151,-0.0468430152306211,0.0138804055498422,-0.3818239826881859,69.53729855996053,-0.8457008166003938,6.779319314239368,2.3687293117025594,0.7505158980546348,46.53757809554936,3.3411178588867188,0.7876399348539886,50.0,4.094333460889654,53.389659657119694,59.18460531928552,-25.770065975075845,82.85536426406183,85.13506397974857,84.76092182506214,85.07903225772031,85.86376277269233,84.38289423508328,85.46477617932878,83.48065155031288,84.0552075201653,84.40813182294369,83.49813913874617,84.31609191894532,83.52484863527786,85.61232297025961,84.31609191894532,83.67619471850753,83.71618584062082,85.61718076846454,40.08049436190995,0,1,0.020514816064886,-1,0.2864564596702155,1.7150291409227465,26.166513619353747,2.012479394743025,46.793730264118935,2.3741682862675497,-25571275.12299083,-2756748.0528246164,0.0441314812508,1316139.5913319094,40.40147581092277,35138800.0,3.0,256577548.17166105,18.239999771118164,116.18000030517578,20.809999465942383,379283028.5404908,-0.0142163566819982,1.402446284357966,0,1,-40,0.5698924731182796
54,54,UNP,212.3567426595104,215.1688409701086,212.3567426595104,214.3457794189453,2324100,0.0,0,0,0,0,0,0,0,0,0,100,0,0,0,0,0,0,0,0,100,0,0,0,0,0,0,0,0,0,0,0,0,0,0,0,0,0,0,0,100,0,0,0,0,0,0,0,0,0,0,0,0,0,0,0,0,0,0,0,0,0,0,216.52968086617952,206.5735841085071,11.950291390693549,12.783992292590009,21.42857142857143,8.394689572352366,-0.8129355179194439,29.594427864154564,26.868548239792656,-0.0566745199956031,37.53431185039035,-0.817945551196317,-0.7879263893940919,-0.030019161802225,2.812098310598259,216.21138363612783,213.76964416503907,211.3279046939503,-1.2218075597874645,-1.7506175897060243,-0.0046410008079018,0.707314090669833,-9.596915671752653,0.1199680904963793,-2.711821064654655,-3.193494762556868,0.1002469175781787,58.35641171249412,0.3331451416015625,0.1430069096664581,58.333333333333336,0.1556661094923139,48.64408946767267,45.27352515562357,-49.653998188168494,212.49427382021307,213.39498076840303,213.7630490389737,213.6964910547217,213.45269706032195,213.3334849042552,213.7428692344413,215.86394248732765,214.4098539093132,214.6843112111092,213.67216224425687,213.99075215657552,213.6939221724556,213.51547758242648,213.99075215657552,213.47327135966583,213.44485749839853,213.22345093572343,54.76542048904304,1,0,-0.4536578946052828,-1,0.2628022290046365,3.5883373266389853,25.22635004101925,4.213246914165268,65.25803169819541,3.847685059404948,-74102508.40502162,-3332430.707487613,-0.2211339098536628,-316594.71159171616,42.903493378515975,93191500.0,1.0,4495214.521667459,18.239999771118164,116.18000030517578,20.809999465942383,493538305.614968,-0.006736855250132,1.2994519108768383,0,1,-40,0.5698924731182796
55,55,HON,228.4317466975852,229.56022561692785,227.7350475571521,229.4130249023437,2237300,0.0,0,0,0,0,0,0,0,0,0,0,0,0,0,0,0,0,0,0,100,0,0,0,0,0,0,0,0,0,0,0,0,0,0,0,0,0,0,0,0,0,0,0,0,0,0,0,0,0,0,0,100,0,0,0,0,0,0,0,0,0,0,220.3695714466728,206.5096943875592,13.21560751338208,14.721239385218976,21.42857142857143,12.75669052202132,2.2980897124122137,84.01103913391843,70.97495364099767,0.1599390065432304,61.90617643122975,2.6892453854279097,2.126841648862145,0.5624037365657646,1.8251780597756808,230.3559936491644,227.0226409912109,223.68928833325748,7.454253597552025,5.077739324325165,0.0382803817750332,0.5376342321796327,101.04934106846494,0.6691621196637888,21.567153587273907,7.142316484857672,0.3491868393617801,61.55404705864696,3.3952178955078125,0.9542566710001256,66.66666666666667,1.502190442634066,60.78357679363696,59.80634899587087,-3.230353243983163,224.6364825298226,228.6699065272753,226.922372713956,227.84991903238364,227.73769625267508,232.2101280263196,227.22691429891464,221.1214026031386,223.4133649073977,226.0423662364483,225.3980467556403,226.07996164957683,226.37717406570232,228.8455450422664,226.07996164957683,219.95609909780907,225.0307732833361,228.2461147901789,59.19824757963658,1,0,0.968525575296195,1,0.283113646944408,4.1379159959134295,26.06937825364156,2.757411783613861,69.0201083643891,1.6308006308336325,33892022.016077206,5663921.108325589,0.3927447474277934,9845959.924893336,76.78768591930586,135204000.0,1.0,274391709.5492717,18.239999771118164,116.18000030517578,20.809999465942383,511070346.8865072,-0.0004294460638956,1.5959080377529724,0,1,-40,0.5698924731182796
56,56,AMGN,234.83977191955628,235.3043901407121,232.9135957503702,233.79440307617188,2284100,0.0,0,0,0,0,0,0,0,0,0,0,0,0,0,0,0,0,0,0,0,0,0,0,0,0,0,0,0,0,0,0,0,0,0,0,0,0,0,0,0,0,0,0,0,0,0,0,0,0,0,0,-100,0,0,0,0,0,0,0,0,0,0,235.1859074606309,229.0860027882976,12.3472165270256,13.727494999927655,-57.142857142857146,0.0639954767231647,0.2450211884234072,12.09652100068323,20.03552541490833,0.0467541185962705,40.751599841856894,0.0845145934510469,0.6202888631378148,-0.5357742696867679,2.390794390341881,238.43364281309672,235.790283203125,233.14692359315328,0.7958145195556767,0.5803274497007749,-0.0128920746726443,-0.4372474887875752,-173.88028069348155,-0.4046257529593555,-14.972858257080777,-0.6101117080305806,-0.8253321048751302,42.31344929342012,-6.214141845703125,-0.9334995022410408,33.333333333333336,-2.589133585942072,42.51357087145961,42.51716147922811,-90.6763499842088,238.0920048545024,235.5988524382413,236.3057528409091,235.249621197894,234.98937008018083,237.842781724653,236.11177992089225,235.8040500827557,236.4437689831752,237.64273577928543,237.7654001364994,237.3354298909505,238.1155961955949,234.59750378864825,237.3354298909505,235.5824569551536,237.1779826935595,234.8819276772735,63.68234202839872,0,1,-0.6543232866434352,-1,0.2691270644463574,3.60301526235448,24.57736400820838,3.8910858509962623,30.19803978653012,1.4354923556644064,2262869.622240444,-1307062.332161529,-0.0913752456388494,-779460.1498101696,40.8369040278724,21611300.0,3.0,35184016.597166926,18.239999771118164,116.18000030517578,20.809999465942383,536397523.0414585,-0.0075268073909745,1.093899256780106,0,1,-40,0.5698924731182796
57,57,IBM,128.86088722657968,129.16137137108808,128.19617723424432,128.35098266601562,3698238,0.0,0,0,0,0,0,0,0,0,0,0,0,0,0,0,0,0,0,0,0,0,0,0,0,0,0,0,0,0,0,0,0,0,0,0,0,0,0,0,0,0,0,0,0,0,0,0,0,0,0,0,-100,0,0,0,0,0,0,0,0,0,0,131.3392354148515,117.71568309888268,19.397921931299088,23.632988473828213,7.142857142857143,3.283886207300222,-0.7016409076902277,32.602616724688325,50.44188213224547,-0.1087496557292566,45.20733499650605,-0.538062302288921,-0.8132978389958064,0.2752355367068854,1.0380604366541206,130.56273996849325,129.33074340820312,128.098746847913,-0.9253086676758072,-0.906524315858519,-0.0065760134031425,-0.5282922275423968,24.127822864534764,-0.8267196569186348,-8.137801032995064,0.8944239109355339,0.6855849057036502,46.69500030549847,1.8757247924804688,0.0792442243271335,50.0,1.483076472044864,45.931099483502464,57.67263206295095,-45.46503841868276,127.6784802748185,128.84505845191035,128.93871085427023,128.89566530881228,129.56060737070536,127.13293490099204,129.27470144283066,129.75195910858974,128.87821699471894,129.1396857202053,128.17961944810335,128.88154017130535,127.69330015626171,129.27635922182765,128.88154017130535,129.52451012373024,128.0092955013747,129.11008205476472,45.903033303347854,0,1,-0.1274761498207581,-1,0.2859890276683069,1.9412892955779724,25.027601368656832,1.793834157442234,45.37369493271298,3.451723884814724,-108791838.06456788,-898612.1929992437,-0.089930929645184,-64537.167658157705,49.20201852733535,-14018498.0,3.0,-212340613.9776327,18.239999771118164,116.18000030517578,20.809999465942383,476558229.8550516,-0.0056911316487699,1.1825953244117056,0,1,-40,0.5698924731182796
58,58,MDT,128.31376033799208,129.463820321751,128.1270132024671,129.0706329345703,2740000,0.0,0,0,0,0,0,0,0,0,0,0,0,0,0,0,0,0,0,0,100,0,0,0,0,0,0,0,0,0,0,0,0,0,0,0,0,0,0,0,0,0,0,0,0,0,0,0,0,0,0,0,100,0,0,0,0,0,0,0,0,0,0,123.62190263626624,116.21959569210696,12.995855805347473,12.8083063132217,64.28571428571429,15.47213137591154,0.5862154542821714,88.47446093692893,87.28834124012015,0.1051629632117912,65.45131966747121,1.3009660779881784,0.8446670380530271,0.4562990399351513,1.3368071192838895,130.11059872676594,127.94024963378908,125.7699005408122,3.5576571411805986,0.731790395883408,0.0339463341669969,0.5661793580091646,132.97533812447048,-0.2347280286527601,30.94287497996757,3.5231229735527583,0.9187587581986184,72.16806526408502,5.416023254394531,1.9921034579520016,75.0,4.379960656867299,65.47143748998378,65.00399012532093,-4.090076246478388,123.80814339630358,128.36196886234063,127.23610312721948,128.19471265886216,129.23648253931427,128.99871925054487,128.3883821658911,125.02050242897168,125.537367941914,126.2871966212988,125.12713181640378,126.19454142252604,125.77520574381911,129.0222161813703,126.19454142252604,124.0781642429637,125.72956900189186,128.9323115124034,39.55870120651515,1,0,0.4708319561704968,1,0.3243924700614082,1.7985973034675842,25.335854815955944,2.0543515432552795,82.74614890005557,1.5368468739659142,-73680509.10190631,3742797.7377675176,0.3148021375317862,1559529.2608036848,62.64919247002445,97423600.0,2.0,209827823.3767386,18.239999771118164,116.18000030517578,20.809999465942383,351579703.3260983,-0.0030548891228979,1.3995011626041087,0,1,-40,0.5698924731182796
59,59,SCHW,67.57221245267542,68.44360575224012,67.09691388448971,67.28504943847656,4084100,0.0,0,0,0,0,0,0,0,0,0,0,0,0,0,0,0,0,0,0,0,0,0,0,0,0,0,0,0,0,0,0,0,0,0,0,0,0,0,0,0,0,0,0,0,0,0,0,0,0,0,0,0,0,0,0,0,0,0,0,0,0,0,70.96726870643373,60.00710702044737,20.08142023312044,16.209239080334726,-28.571428571428573,16.89269979240403,-2.7911287230232764,54.86567428257653,46.51907102189068,-0.2452712941314883,39.83050817815824,-1.076644183496569,-1.0401696116803412,-0.0364745718162278,1.3466918677504085,68.05222767365751,67.29100189208984,66.52977611052216,-2.610289542816872,-1.939422460702744,-0.0316641272179353,-0.2132358716018289,-23.785835013469,0.0771655998385521,-12.774504046834034,-8.06338202816767,-0.3589095829661621,60.07960483457632,-0.9308090209960938,-0.3488691312728934,58.333333333333336,-1.3645053247392511,43.61274797658298,41.679532795791104,-65.20390243574451,67.31873352256952,66.94403875378613,67.31746742942117,67.36676772324356,67.30700565685181,65.78161702128378,67.23030893717022,69.29552706527762,68.21991519057683,67.20259788632393,67.65395665967768,67.27218958536784,67.20458424234982,67.16066387549868,67.27218958536784,68.73742268527864,67.15632095783592,67.24501780726067,52.24675117423296,0,1,-0.0108924170252959,-1,0.2622827358173989,1.7732863454514634,24.15748918300094,2.733002714427329,57.23130537691854,5.976927289007651,17418913.63736914,-1419110.4548987672,-0.0116884893217744,-1387502.726010093,38.761208712212905,32213700.0,4.0,410308113.6427816,18.239999771118164,116.18000030517578,20.809999465942383,275971672.87797165,-0.0023393744454459,1.89580905027248,0,1,-40,0.5698924731182796
60,60,AXP,170.97700078906297,171.8898287891323,168.4964849823962,169.20094299316406,3441900,0.0,0,0,0,0,0,0,0,0,0,0,0,0,0,0,0,0,0,0,-100,0,0,0,0,0,0,0,0,0,0,0,0,0,0,0,0,0,0,0,0,0,0,0,0,0,0,0,0,0,0,0,-100,0,0,0,0,0,0,0,0,0,0,164.66987993774958,136.45849198430616,15.973971620225678,17.88306734431733,28.571428571428573,8.091222288542683,0.6071690443984499,15.319548106327096,24.29862379382605,0.164427583400406,36.35741215021378,1.6434892493394957,1.9629597264267151,-0.3194704770872196,3.3933438067361124,172.54883788286847,170.27254333496094,167.99624878705342,4.013968081000286,1.0225430023975832,0.0046870853117564,-0.5233945916040876,-5.559439184857806,-0.6851927654384037,4.900151347527641,0.8552692395592792,0.286651294990564,48.28107589750505,0.51593017578125,-0.1204747355703024,50.0,0.3058541877337895,52.45007567376382,52.43122171341017,-50.24748243672672,168.07171718896257,170.34016093516405,170.06111006303266,169.8565031465117,170.36691333500798,171.21383856948322,170.46697580048686,166.94355246823585,168.54099732244762,170.89186027646065,169.4808845031279,170.22557830810547,170.51147312664943,169.92765851733407,170.22557830810547,161.85398264430833,169.0344204314278,169.93317367201442,48.10452482516757,0,1,-0.2192813108424617,-1,0.181436424599035,4.247894179949438,26.35125530332701,5.377752066597225,48.736892459597534,2.105495395935674,1631714.212980032,-5762800.091182902,-0.2004178475538596,-1841522.58820319,31.52123169076524,62479800.0,3.0,343173330.87080294,18.239999771118164,116.18000030517578,20.809999465942383,588485739.0158758,0.0054262413702759,1.7390223290805362,1,0,-40,0.5698924731182796
61,61,LOW,190.5035888472692,193.17419680270376,190.3255402674669,190.5926055908203,2841600,0.0,0,0,0,0,0,0,0,0,0,0,0,0,0,0,0,100,0,0,0,0,0,0,100,0,0,0,0,100,0,0,0,0,0,100,0,0,0,100,0,0,0,0,0,0,0,0,0,0,0,0,0,100,0,0,0,0,0,0,0,0,0,189.9882208566476,175.66865147351277,9.30152824489908,10.81318858609888,28.571428571428573,2.76304540813083,0.428617529750143,16.401828844724168,21.507207708722675,0.0750244462220273,50.23967074403296,0.5017483341855211,0.8409663950767403,-0.3392180608912192,2.84865653523687,195.7021107891944,191.87845153808595,188.05479228697743,1.7379846760914006,0.8228844862717892,-0.0072563870161602,0.0312486754545796,-43.85140697577019,-0.392683634717673,-4.810919248049983,0.7060445839136662,-0.145421408337779,52.67252161106697,-2.6078643798828125,-0.5642755748061667,58.333333333333336,-1.3498230000570266,47.59454037597501,49.84487259119468,-71.74469983481605,192.90598936991688,192.02373966746924,192.54655539772727,191.5269367778218,190.8764727043393,194.7628540475125,191.79922743295936,192.4942715263545,191.86311299062217,194.7893895804882,193.02514301059097,193.7620590209961,193.6087657512802,191.20898111074084,193.7620590209961,191.16042368575697,192.7385100348725,190.61739139567587,55.89437571066782,0,1,0.3814226921140829,-1,0.2315148734346328,3.514526341898318,25.42344309872157,6.6171891691065525,42.09210453167989,2.2226556665134503,-15284314.740777109,1265332.404213557,0.0994386722634974,-1487837.3801386529,54.619550872712594,165364000.0,3.0,24782234.44879515,18.239999771118164,116.18000030517578,20.809999465942383,541334998.0683999,-0.0033635195949917,1.5410810815667668,0,1,-40,0.5698924731182796
62,62,CVS,81.61909386920765,82.12085270105268,80.80250758535912,81.02879333496094,5996300,0.0,0,0,0,0,0,0,0,0,0,0,0,0,0,0,0,0,0,0,0,0,0,0,0,0,0,0,0,0,0,0,0,0,0,0,0,0,0,0,0,0,0,0,0,0,0,0,0,0,0,0,0,0,0,0,0,0,0,0,0,0,0,82.55290360692602,72.6830267263079,15.030527797800255,19.299763875956128,35.714285714285715,1.9795830399090164,0.2850351136772925,35.68901606562407,53.24384051554989,-0.0415055051032231,48.60192302750916,0.0502867226310996,-0.1730291190084885,0.2233158416395881,1.3183451156935604,82.54733913043492,81.70370635986328,80.86007358929163,0.7025767538383576,0.2302262232853849,0.0031894277627499,-0.4477587296526377,34.43225633314088,-1.107521862060726,-1.7149403077910683,4.169552570070137,0.7278594914843848,50.65785046768902,1.1136474609375,0.0996642038839163,41.66666666666666,1.393537418667834,49.14252984610447,63.928744041686535,-36.93062091543553,80.51104248017207,81.64115941951349,81.52589000355114,81.48832014390639,81.98518406261458,82.09369001358047,81.8109137768035,80.9137235745596,81.04734147081007,81.69136798381805,80.92029575772072,81.4826530456543,80.7734764659022,81.84331509511162,81.4826530456543,81.39674980596743,81.07788835949364,81.73087035070643,47.99747811689933,0,1,-0.0065431613980024,-1,0.2590221558889375,1.361361537257728,25.00404166798796,2.144771719046048,38.49289504096426,1.796935667632469,8487121.817762006,45353.17268657312,0.0714595481549871,-120983.96256738588,59.36286263443748,111024400.0,3.0,328661628.0780532,18.239999771118164,116.18000030517578,20.809999465942383,489412572.5679298,-0.0122633486577686,1.300192126864097,0,1,-40,0.5698924731182796
63,63,AMT,280.468679364541,282.38977720345565,278.5377502477565,278.606689453125,1762200,0.0,0,0,0,0,0,0,0,0,0,0,0,-100,0,0,0,0,0,0,0,0,0,0,0,0,0,0,0,0,0,0,0,0,0,0,0,0,0,0,0,0,0,0,0,0,0,0,0,0,0,0,0,0,0,0,0,0,0,0,0,0,0,265.81016340259134,235.56337221433924,33.17421315496548,31.64421533177205,35.714285714285715,40.57053002983772,1.719508447326736,36.517129752628925,62.605408041884345,0.2477655322300043,52.15564653170135,4.142056535712129,4.633052696370173,-0.4909961606580442,3.852026955699104,283.1634785612067,280.2361694335938,277.30886030598083,9.522002119170224,4.714428632687259,0.0161709791825053,-0.4833792527493027,52.93007215453444,-0.6549605829557098,20.604809693037,4.396321449724823,0.5453666244988467,52.42947880109911,0.3349609375,0.0390391115641674,41.66666666666666,0.120371889478954,60.3024048465185,63.00425597303197,-53.1696542079379,277.7070944938144,280.72058685523245,279.6282293146307,279.4472624238555,280.6981518986533,280.8607024083271,280.3045568788378,277.1991010925679,275.61100075171544,280.0857334136963,278.65877097149223,279.6141947428385,280.47299859544546,279.8492803331752,279.6141947428385,271.1775931077956,278.98799762534225,280.1023887472208,60.19024732159335,0,1,-0.3319996199920751,-1,0.46180550310903,4.213400509916656,25.4218558003496,7.50700190944508,44.69006517043168,0.6604323997974318,3884725.2740006847,-282869.8775765113,0.1198688204313637,-101097.98863508644,46.45910732558912,-4088100.0,4.0,2822442.99952578,18.239999771118164,116.18000030517578,20.809999465942383,494241906.77619416,-0.0045804308006978,1.1101278363447231,0,1,-40,0.5698924731182796
64,64,ANTM,380.5028970051675,382.07516790957146,378.3868102401773,379.72174072265625,999300,0.0,0,0,0,0,0,0,0,0,0,0,0,0,0,0,0,100,0,0,0,0,0,0,0,0,0,0,0,0,0,0,0,0,0,0,0,0,0,100,0,0,0,0,0,0,0,0,100,0,0,0,-100,-100,0,0,0,0,0,0,0,0,0,382.5812209373053,338.93766264826525,12.961448112957582,15.73843898034242,-64.28571428571429,0.9399585299673584,-0.1486945239617315,67.9191316239969,51.4501433395437,-0.0029008714185208,52.81197863296995,-0.8298965914881933,-0.0669631626317751,-0.7629334288564181,3.688357669394122,382.1537193976442,377.6155151367187,373.0773108757933,-3.093740747679817,-0.5673744006034553,-0.0048450650113532,-0.2117897320515425,-35.8934223222315,0.7091854802974561,-3.054509103219206,-3.707838385528873,-0.7218977477167117,44.34722727615389,-9.4730224609375,-0.4171465285853986,41.66666666666666,-2.434005633438807,48.4727454483904,40.147297476851016,-63.79550492218713,381.0467030989654,378.1346467632741,378.483174272017,378.7603516478639,377.2348523688887,383.22132676887634,377.3296212593624,382.6261675500075,380.4497366904335,377.5821093916893,381.57724344130185,378.36769205729166,382.0805190149847,377.3386541030013,378.36769205729166,379.9973036132324,379.6508122898522,378.4082429413761,50.39444614716976,0,1,-1.6315773975377794,1,0.2516860316972031,6.946527222219525,26.165108542805108,7.0603090887882445,43.650123441410095,3.2115057685372395,-4483566.4460006,141817.94872744754,0.097996853713073,-63716.155070442255,38.78519133977355,26147000.0,3.0,85165006.2213533,18.239999771118164,116.18000030517578,20.809999465942383,380236544.9772639,0.0068026499763618,1.372767762994022,1,0,-40,0.5698924731182796
65,65,CAT,204.77792689345665,205.5363678902956,200.099258392734,203.64520263671875,5834900,0.0,0,0,0,0,0,0,0,0,0,0,0,0,0,0,0,0,0,0,0,0,0,0,0,0,0,0,0,0,0,0,0,0,0,0,0,0,0,0,0,0,0,0,0,0,0,0,0,0,0,0,0,0,0,0,0,0,0,0,0,0,0,217.4988334800873,200.3792607777497,20.8900716022736,22.089819295194644,-28.571428571428573,23.27439203692476,-1.4262943569772264,61.252150238400624,68.62187043852983,-0.2050293805582081,52.14719750748403,-2.498503945049123,-3.050351181611677,0.551847236562554,9.268692046719195,211.08722900110607,207.1773468017578,203.26746460240943,-2.6315193622018285,-2.9801725729917905,-0.0253651550968895,-0.2083320663756852,-98.31142043657331,-1.701355472947937,-19.514394693158867,-3.817564867995743,0.3985646711507685,51.18901167917392,-0.0886383056640625,-0.5791789500370581,50.0,-0.0435069133601251,40.24280265342057,48.9364177607011,-59.679840620180414,204.98928121173248,206.0677145475173,206.7213883833452,206.3855873588082,207.8463768544833,208.58281714373945,207.258983632508,208.23104729301457,207.68653649442905,206.9699528217316,206.06012401964347,206.72884775797525,205.65461422695705,206.58397538653983,206.72884775797525,212.0888057608325,205.4278108128611,206.7447200952905,47.74062613522451,0,1,0.8214768012391886,-1,0.2344651515578237,4.839612674662561,23.76301367430209,14.331518284381843,54.29019465629314,3.726245436300296,1273163.033800459,3037270.577920019,0.1987581268011951,-4325933.110328533,34.75427419351675,88847200.0,3.0,197371610.37040743,18.239999771118164,116.18000030517578,20.809999465942383,1194858725.63063,-0.0285047009262671,1.6925666086872662,0,1,-40,0.5698924731182796
66,66,LMT,361.60056122723546,363.12639109363926,359.695691091566,361.2118225097656,798600,0.0,0,0,0,0,0,0,0,0,0,0,0,0,0,0,0,100,0,0,0,0,0,0,0,0,0,0,0,-100,100,0,0,0,0,0,0,0,0,100,0,0,0,0,0,0,0,0,100,0,0,0,0,-100,0,0,0,0,0,0,0,0,0,370.9558026012562,352.35844084332354,16.776285088242716,13.664745892197953,-21.42857142857143,29.844498649212447,-0.5283225828004465,43.96015421708584,38.89694122585794,-0.0730716405490494,42.64038688208661,-2.2270686007134373,-1.6987323647607109,-0.5283362359527264,3.430700002073252,365.779458954716,361.50531005859375,357.2311611624715,-6.681269623336902,-1.939490880721678,-0.0160491863957293,-0.1133117781312591,-84.66663894738497,0.317908820895716,-14.641801330194856,-2.969472792479578,-0.5017005323815954,39.73442017783668,-5.3160400390625,-0.7691187072318765,41.66666666666666,-1.4503781519077052,42.679099334902574,42.73700705692404,-71.20201999394799,367.7066214140014,361.9466155080342,363.6919988458807,362.3247631579847,360.4686310430355,361.39658185983177,362.0576365861638,368.2496462961523,365.6669574136576,365.1938309073448,365.8842783519964,365.1831542968751,365.2610746386836,361.2438838961618,365.183154296875,367.7535687625172,363.6245353285884,361.7897893685168,55.7867712897482,0,1,-0.1535557134582859,-1,0.1754008660369795,5.527835338865778,25.51256836303914,6.987731162956834,31.39796748330012,2.072755918687836,-29893229.27315443,-320565.3938595131,0.0236492758026181,-1895946.879130688,52.33188804701609,7840000.0,3.0,-11991544.89590419,18.239999771118164,116.18000030517578,20.809999465942383,288774208.19607025,-0.0074162537218877,0.9738375579375091,0,1,-40,0.5698924731182796
67,67,SPGI,420.7475509947947,426.58176329405,419.2294676132466,425.3811950683594,1572000,0.0,0,0,0,0,0,0,0,0,0,0,0,0,0,0,0,0,0,0,0,0,0,0,0,0,0,0,0,0,0,0,0,0,0,0,0,0,0,0,100,0,0,0,0,0,0,0,0,0,0,0,0,0,0,0,0,0,0,0,0,0,0,397.2048275397303,354.3636033572324,13.564419014957323,14.915793996524636,64.28571428571429,23.14556509194686,0.4479187136085359,65.84811873650371,47.30859824018531,0.1686448683733576,58.18640661624459,5.023890472858625,4.863372746742447,0.1605177261161783,7.352295680803422,428.372786210646,414.7585571289063,401.14432804716654,7.3519989078548065,1.8419502453926384,0.0344264084487564,0.6302309203454548,188.6469350075779,1.7720470811566829,37.46472572450894,2.397897006169688,0.5901918923609414,49.18861248874606,14.18865966796875,2.070952726091823,58.333333333333336,3.450612169832512,68.73236286225448,57.71922722574408,-5.077599502310645,412.325160148753,418.2882631304819,415.3214155717329,418.4345229355605,415.976804821944,416.3302332466452,417.6797018675562,409.8129893776461,410.6475060698283,412.5528463125229,411.8699869887698,413.0506306966146,413.5552413250368,419.4947357523377,413.0506306966146,400.5031099942377,414.0045319564714,418.0150450013163,53.03146817205031,1,0,0.1845499762692213,1,0.3317873052752902,7.070631976485475,24.874079816880048,10.547197013305665,57.295772861351146,1.4086521989487262,2878697.8633222147,383712.115208816,0.0970887128705851,3273984.0643150173,58.04200340947462,6894400.0,2.0,43869231.26874071,18.239999771118164,116.18000030517578,20.809999465942383,661415150.1638173,0.0101238862800125,1.3155104657614909,1,0,-40,0.5698924731182796
68,68,INTU,523.2040408474064,528.8425038167089,523.0247322162129,527.9558715820312,905300,0.0,0,0,0,0,100,0,0,0,0,100,0,100,0,0,0,0,0,0,0,0,0,0,0,0,0,0,0,0,0,0,0,0,0,0,0,0,0,0,100,100,0,0,0,0,0,0,0,0,0,0,0,0,0,0,0,0,0,0,0,0,0,479.43765870623736,402.108923058175,46.4492823139622,48.04942924187522,28.571428571428573,44.46699799381904,2.179664351897888,66.75880446141417,64.73549377555604,0.3824523885051833,62.32548272638129,13.18237185448578,13.120799627656536,0.0615722268292451,5.81777160049603,530.1233709582964,524.1603271484375,518.1972833385787,27.42297194045244,10.991897778633302,0.0469225750074393,0.816778495432802,90.59999119570884,-0.082767224120151,53.06434055886691,8.648141719857318,0.8822381498354117,62.5729881917318,28.351837158203125,1.747040461735494,66.66666666666667,5.674861531272479,76.53217027943346,75.09639763229052,-6.496145041690406,510.4828764223875,527.4375891801724,522.3157393022017,524.4009550934904,526.5552459100304,523.9846822298676,525.1427035157459,517.3532628669969,506.1441929912908,522.7652388215065,513.6922363668431,520.5182393391927,518.9017882837875,527.614014831779,520.5182393391927,503.9671396820005,516.4388412977561,525.1650288175641,44.00069878503263,1,0,2.8411478253724285,1,0.605171731879163,8.21158057259817,25.37956714619998,7.1924279666170605,76.89737106978619,0.7254743049085985,32156756.853601,714831.1365774125,0.1737982132632804,1872948.955221376,65.15387882290585,47919600.0,1.0,82514941.34222496,18.239999771118164,116.18000030517578,20.809999465942383,473656618.179157,0.0076554447229746,1.8007722155256098,1,0,-40,0.5698924731182796
69,69,DE,356.64437919086333,358.726488086576,354.0863804384118,358.50836181640625,1053900,0.0,0,0,0,0,0,0,0,0,0,0,0,0,0,0,0,0,0,0,0,0,0,0,0,0,0,0,0,0,0,0,0,0,0,0,0,0,0,0,0,0,0,0,0,0,0,0,0,0,0,0,0,0,0,0,0,0,0,0,0,0,0,347.3733758494862,317.09510649913955,12.394687170280934,14.489902850060538,57.142857142857146,13.211142982702963,0.1723800277417463,72.67163497997576,62.25464615083897,0.04039685984496,58.567949885267566,2.1218247460618613,0.4929198154971321,1.6289049305647292,4.640107648164189,360.3217106606541,353.7453186035156,347.1689265463771,9.34618450422937,0.5992247752653839,0.0313272065259715,0.4017110737248482,118.3784999422242,0.5091058867446677,21.064251542802097,3.4012747060293256,0.8425986601403147,59.21967481579389,18.937225341796875,1.418260370813255,66.66666666666667,5.576806538506518,60.532125771401056,60.93430275534876,-1.5672809226364537,345.0365637471697,355.20195622741943,352.5840315385298,354.9997240613391,355.9420333091607,359.7554177802444,353.7565116404284,347.30161096734247,348.40545572490896,350.87216579914093,347.0365891170569,350.39082641601567,348.3884833502068,357.1515352345455,350.3908264160156,346.5357595151489,348.2749072572405,355.6186701541012,41.849134736709885,1,0,1.5883460792933703,1,0.2680741391640961,7.167156918841816,23.9661927547902,7.505496058047129,70.8084876716276,2.0320926174458105,4135003.975593973,757219.4691518638,0.1505836286535927,2061813.027979461,49.4043557044714,61642100.0,2.0,201749300.340342,18.239999771118164,116.18000030517578,20.809999465942383,375867511.2292509,0.0032911007633271,2.355672136173038,1,0,-40,0.5698924731182796
70,70,GS,368.3415199911973,371.64766788374817,364.90820797189696,366.6884460449219,1474900,0.0,0,0,0,0,0,0,0,0,0,0,0,0,0,0,0,0,0,0,0,0,0,0,0,0,0,0,0,0,0,0,0,0,0,0,0,0,0,0,0,0,0,0,0,0,0,0,0,0,0,0,0,-100,0,0,0,0,0,0,0,0,0,363.4982103106505,300.1466524514483,13.348964600721748,14.76297743750168,-28.571428571428573,11.137727294461914,-0.0910945240166597,64.74174186033191,69.50294157556397,0.0333532653510326,54.5889725697387,1.631000951914018,1.0627161595143784,0.5682847923996397,6.739459911851213,369.55560584102295,367.27532348632815,364.9950411316333,5.859506932583258,-0.3311217870468113,0.0087922559486692,-0.2452828517265179,59.246839658877015,-0.6632015367591636,6.381470233149218,1.176091214256949,0.6290645600735363,43.47562853226496,9.8597412109375,0.3300436535722133,41.66666666666666,2.7631580860415283,53.19073511657461,55.97371816802313,-28.76406939079781,359.3769238770766,367.3205094257326,366.1068864302202,366.9693671806709,368.9109070132727,367.976123877721,367.2648322989518,360.2841301889547,363.5999229350727,366.0732919573784,362.76089901032935,365.08949381510416,363.7338769621604,368.2164012553062,365.08949381510416,357.1503513637382,360.9792076550106,367.67085269671793,46.53945503598703,0,1,2.039440948918906,-1,0.2139775161486797,8.343092979533703,24.54658492570021,12.784405231932851,42.56218121560767,2.745047651945986,20003352.159756143,1567952.550582666,0.1555518848623373,-172212.02658476052,50.960219452421896,83914300.0,3.0,240037264.8964457,18.239999771118164,116.18000030517578,20.809999465942383,543266907.8350168,-0.001220019350125,1.8744633890207587,0,1,-40,0.5698924731182796
71,71,BLK,848.7402581787794,855.5438871404865,844.5759716388188,847.6845092773438,503700,0.0,0,0,0,0,0,0,0,0,0,0,0,0,0,0,0,100,0,0,0,0,0,0,0,0,0,0,0,-100,0,0,0,0,0,0,0,0,0,100,0,0,0,0,0,0,0,0,100,0,0,0,0,-100,0,0,0,0,0,0,0,0,0,855.349290669917,742.6307678163373,16.948543482410724,21.300900449643944,-35.714285714285715,10.200091251718533,-1.0988441307429608,48.484532602391205,36.76324090423598,-0.0172583725199237,39.7498660114559,-2.361011711361129,-0.0506173236694511,-2.3103943876916784,10.967915501667676,854.8622182475292,846.665966796875,838.4697153462207,-9.515932390143576,-9.438234769380983,-0.0130854227498434,-0.096257935363847,-31.07201028607544,0.5139530398560184,-4.782317518562956,-5.856592051407863,-0.2463685146228407,42.47578771440906,-7.67364501953125,-0.3256313410970329,41.66666666666666,-0.8971265406172657,47.608841240718526,42.42729585632691,-64.90881029312004,850.5115650639635,845.3601118485352,847.9104558771306,847.2351607742843,844.6044608067332,845.1360398956633,846.4682876767462,862.9723920746843,852.3579137288745,849.0725775957108,851.0740623710598,849.021171061198,852.9174769079573,844.1470905292688,849.021171061198,842.4025372351547,846.7737271142789,844.9554531633573,43.99089898467237,0,1,0.0625573811847061,1,0.2657450047988729,15.783865019962514,25.61968708219712,21.994560251245275,45.1473589548894,4.900187948490257,841547.4525698385,-302573.9457150934,-0.0517322132555586,-781425.2319770039,32.15183220507635,28033600.0,3.0,29424673.63291849,18.239999771118164,116.18000030517578,20.809999465942383,427510468.0446512,0.00243598464658,1.630726609778223,1,0,-40,0.5698924731182796
72,72,C,66.22217619352315,66.80717627803816,65.55917411409156,65.92967987060547,18078200,0.51,0,0,0,0,0,0,0,0,0,0,0,0,0,0,0,0,0,0,0,0,0,0,0,0,0,0,0,0,0,0,0,0,0,0,0,0,0,0,0,0,0,0,0,0,0,0,0,0,0,0,0,-100,0,100,0,0,0,0,0,0,0,69.85616209914733,62.4985043208372,19.20408440564212,25.472889948633927,-21.42857142857143,2.256906895054648,-1.6636666283190087,68.50046524726925,75.37932507139567,-0.2768540260062901,49.96816051074555,-0.8821517955769735,-1.2441971036321136,0.36204530805514,1.2480021639465946,66.63775016766223,65.96070556640625,65.28366096515026,-0.9896446896752168,-1.1038581163455348,-0.0063486729652516,-0.2343716472355428,57.85649159197894,-0.6045093711810235,-7.139971338696811,-2.343260332592933,0.5065935979442809,52.21164184720579,1.185455322265625,0.3272547320871268,58.333333333333336,1.830982347128951,46.4300143306516,52.08922277476756,-41.35631713165007,64.49935030540465,65.69264160445836,65.6401983087713,65.94346191833068,66.38213356095493,65.27339303731041,65.83431265831344,66.31996597622874,65.88878397509664,65.25243371725082,65.1209465103309,65.27376047770181,64.72184581400472,66.21477639905359,65.27376047770183,67.94607737227481,65.07909030030736,66.16214238449143,51.26900815692704,0,1,0.1730152414456507,1,0.2589550924900467,1.6410502318667264,24.38659008657612,2.5740060668234435,56.51891207763494,4.561111918592894,-71494839.55284886,1853987.772113592,0.0011281198384956,-186821.24819678417,53.29395471699209,61784500.0,4.0,522335749.44867367,18.239999771118164,116.18000030517578,20.809999465942383,1197177745.6617503,-0.0041163730649431,1.3753456911978843,0,1,-40,0.5698924731182796
73,73,PYPL,280.2449951171875,280.5,274.2099914550781,275.5299987792969,11693300,0.0,0,0,0,0,0,0,0,0,0,-100,0,0,0,0,0,0,0,0,0,0,0,0,0,0,0,0,0,0,0,0,0,0,0,0,0,0,0,0,-100,0,0,0,0,0,0,0,0,0,0,0,0,0,0,0,0,0,0,0,0,0,0,281.18868072509764,248.91291511535644,25.625605463635253,26.600440997882465,-28.571428571428573,29.9572646297362,0.3958611926036156,18.53331005604934,34.34445911575093,0.2698391907127284,40.98488761918576,2.1291680120497745,5.458575540336517,-3.329407528286742,8.96002197265625,317.7101810652952,293.5920043945313,269.47382772376733,2.7417072071748407,1.1717323890098896,-0.0691421101109064,-0.7496009431811015,-232.58819621469124,-4.26620501102532,-29.52617567970984,-1.543033998449955,-0.3337525330213867,51.77585413341548,-19.100006103515625,-3.4326502571379,50.0,-6.482709088340322,35.23691216014508,42.82567922733273,-96.3282145312858,300.36881484866325,290.3507039439705,294.8643671209162,287.6526619437691,289.5391000150375,293.48870088848224,282.85603176387986,292.76899361798854,291.9514214257655,304.33281177282333,299.70927988682183,301.2480010986328,302.1518436948613,284.90511452214366,301.2480010986328,288.4440141049963,292.9162825029046,286.51375746025184,41.20994259994624,0,1,0.1219024658203125,-1,0.3340419813725035,7.406512604691287,24.758388773481887,10.7900390625,37.32948950870096,3.932963089482733,222910230.1673175,-738136.2957196534,0.0878066888619769,-54111677.11492927,27.860014676825656,269815500.0,4.0,412452305.0190275,18.239999771118164,116.18000030517578,20.809999465942383,3276988801.4038086,-0.0179591410719105,1.7698939093010768,0,1,-40,0.5698924731182796
74,74,AMAT,135.45513432707568,140.31762027176538,135.42536517924194,138.85887145996094,8556400,0.0,0,0,0,0,0,0,0,0,0,100,0,0,0,0,0,0,0,0,0,0,0,0,0,0,0,0,0,0,0,0,0,0,0,0,0,0,0,0,0,0,0,0,0,0,0,0,0,0,0,0,0,0,0,0,0,0,0,0,0,0,0,135.133153732849,109.90717023493352,11.701368136966527,12.41688770990763,64.28571428571429,3.757067688853952,-0.8313395486125548,74.7290998827232,66.62062578821934,-0.0003902054474314,61.04383418516809,0.6208657924879617,0.1415775037897997,0.4792882886981619,4.892255092523442,139.83057524488822,136.55068664550782,133.27079804612742,0.7280638103261197,-1.1255495120317391,0.0256223319042889,0.6957399130897721,100.14819812934766,0.7660886669903509,14.567213904397402,2.422392458164445,0.7512243280191215,58.06885357379372,11.660057067871094,1.107314873429774,66.66666666666667,9.166796973381386,57.283606952198696,57.14318413759392,-8.39041775571075,133.37902726529828,136.99023156843313,136.34986974542792,137.08508050024926,137.10913116763697,132.99892902194452,136.64462329541527,134.17433761179035,134.870775536187,136.3442115932703,134.03893827099304,135.81866226196288,134.1318987070348,137.8936074278832,135.81866226196288,131.45431499897103,134.7450464616849,136.91216768451093,47.022556265974,1,0,1.6532431187358,1,0.2485143504848347,4.141210900225761,25.771568954732803,7.373133231921884,70.8530429640615,4.914788832644813,29884722.72194965,6307262.420226079,0.137006529107909,3476242.212569028,54.80476196893751,215150100.0,1.0,992749715.5437262,18.239999771118164,116.18000030517578,20.809999465942383,1159008311.3561904,0.008049489914736,2.3663098696016664,1,0,-40,0.5698924731182796
75,75,NOW,579.7100219726562,595.8900146484375,575.9400024414062,587.8900146484375,1566000,0.0,0,0,0,0,0,0,0,0,0,0,0,0,0,0,0,0,0,0,0,0,0,0,0,0,0,0,0,0,0,0,0,0,0,0,0,0,0,0,0,0,0,0,0,0,0,0,0,0,0,0,0,0,0,0,0,0,0,0,0,0,0,527.5594006347657,524.6833001708984,33.833311788264915,35.05450090064068,57.142857142857146,37.654121566236704,1.7149207328526563,48.26034056752592,63.15183845830603,0.3997126641093862,56.39824094231084,14.756465380865508,14.648737484413791,0.1077278964517134,19.95001220703125,588.927134658315,584.8319946289063,580.7368545994975,30.405382223690253,9.679296248998412,0.0415889221925422,0.4100244446416061,84.40516542165206,-0.4371908377996484,45.780276876146175,8.086570169236943,0.9257211563837516,58.18116150324103,31.530029296875,1.29362966353097,58.333333333333336,5.667199318252769,72.8901384380731,75.37948713023314,-32.75322209590305,567.8596911867857,588.3523227024434,582.354179243608,585.18804120684,588.9692705250858,583.830336214288,585.1970484365945,575.3776185404655,563.0863092394336,581.539880990982,572.0318572222677,579.5213317871094,578.1109923787726,588.7992694670468,579.5213317871094,556.2480460618362,579.4193818981989,587.0568920637168,39.31390118882869,1,0,3.309002685546875,1,0.3193862685633947,13.13947841294745,24.88266350196891,38.44000244140625,70.07709578487928,0.9207547199215114,22666142.15635372,318309.0860816203,0.1408669960604417,2586754.655484304,52.02327588728628,23299900.0,2.0,16020327.447493196,18.239999771118164,116.18000030517578,20.809999465942383,907825894.4091796,-0.0083646148092635,1.4719804020466165,0,1,-40,0.5698924731182796
76,76,MO,45.93132911405106,46.10182772731908,45.15459474063829,45.50507354736328,7104800,0.0,0,0,0,0,0,0,0,0,0,0,0,0,0,0,0,0,0,0,0,0,0,0,0,0,0,0,0,0,0,0,0,0,0,0,0,0,0,0,0,0,0,0,0,0,0,0,0,0,0,0,0,0,0,0,0,0,0,0,0,0,0,45.35654842329064,41.593764495146594,15.108980689282676,18.479224120163583,57.142857142857146,20.89058591152527,0.3317101366093783,63.1175778211867,72.93208030994084,-0.0157177448813827,55.55306842695342,0.0860583672260446,-0.0601949768560627,0.1462533440821074,0.9472329866807954,46.10094282392269,45.4027717590332,44.70460069414371,0.5018099123010558,0.1488252541957706,0.0142427939655851,-0.4500007629394573,138.3258855586905,-0.3547956594386263,8.733476370954163,2.523451204422742,0.7299121330366477,54.76636364739155,0.6914787292480469,0.73861246362824,50.0,1.5430110707577605,54.36673818547708,60.81217224252404,-34.519544230661815,44.66754289239264,45.47161219417288,45.2529372475364,45.466190204753744,45.663164593478776,45.15645839184021,45.427235561841286,45.108562212525634,45.03316048950701,44.99253237247467,44.90442673245347,45.02261657714844,44.89908016969841,45.65235189419203,45.02261657714844,45.2246998410381,45.03506803736401,45.59148734019379,50.05747804568502,0,1,0.0918817148794263,1,0.1974514730762649,0.7382496589282332,24.958764094371087,1.572403753560252,52.48839268775167,1.0922961982585169,-44487395.533757165,1480912.6397536471,-0.0122873839561627,434200.9941710641,61.60045832081905,74265200.0,4.0,49130930.51384283,18.239999771118164,116.18000030517578,20.809999465942383,326332907.08951,0.0174150448996652,1.3071645330587047,1,0,-40,0.5698924731182796
77,77,EL,330.70693754273645,333.16743276188805,329.54616149263086,331.2030029296875,718900,0.0,0,0,0,0,0,0,0,0,0,0,0,0,0,0,0,100,0,0,0,0,0,0,0,0,0,0,0,100,0,0,0,0,0,0,0,0,0,100,0,0,0,0,0,0,0,0,100,0,0,0,0,100,0,0,0,0,0,0,0,0,0,309.5184218388294,277.1410824624079,19.206836689302584,20.37516831635101,57.142857142857146,23.783120800216125,1.7277392465732615,71.9711936372869,75.41642647742832,0.2716546471424497,65.4460929788467,5.983942570615284,5.562853667493068,0.4210889031222153,3.6212712692571927,332.91622883540026,329.66322021484376,326.41021159428726,15.391148435760556,5.526351733085392,0.0354614660494285,0.1369865304381905,105.21490110393324,-0.3426893924735012,32.37663112099207,7.097732056122465,0.7514374618059951,62.24326741982278,9.2664794921875,1.2539494858603355,58.333333333333336,2.878356078783484,66.18831556049604,65.13597852361465,-11.947554237143017,320.9577617427116,331.3131059729254,328.3460282759233,329.81679657622647,331.55831850612384,334.7023858840868,330.1533017711842,320.40405002258746,321.41371715247163,327.99485486745834,324.3879800791273,326.92890421549475,326.88450189640093,331.54664176112465,326.9289042154948,315.45028413701743,325.02852161705067,330.4377970781128,44.399605406392375,1,0,1.0070060511316172,1,0.4152021835679688,5.026919369606666,25.285150789721104,7.004444393983135,68.29237444335558,1.0718714503837483,751330.851323845,438167.0066662148,0.1933819031939569,610205.4435807065,69.31554023560221,27089200.0,2.0,34044032.7572541,18.239999771118164,116.18000030517578,20.809999465942383,237745217.39947325,0.0018333186207946,1.71093318329218,1,0,-40,0.5698924731182796
78,78,BKNG,2198.60009765625,2205.18994140625,2170.030029296875,2178.260009765625,276700,0.0,0,0,0,0,0,0,0,0,0,0,0,0,0,0,0,0,0,0,0,0,0,0,0,0,0,0,0,0,0,0,0,0,0,0,0,0,0,0,0,0,0,0,0,0,0,0,0,0,0,0,-100,0,0,0,0,0,0,0,0,0,0,2251.7831884765624,2182.936546020508,18.830372792437142,21.64915023817231,42.85714285714286,9.27222595248316,-0.5140127085382071,35.67079296017259,61.69679156464954,-0.113052463016483,48.96897942260883,-8.95602788828728,-17.40561776236202,8.44958987407474,44.31005859375,2264.8694960489943,2219.164013671875,2173.458531294756,4.780361040900971,-11.280129457131352,-0.0074109239834652,-0.5785022393500677,1.5274728002010365,-2.186997042330725,-9.076127274705817,1.4153285581771704,0.6382380061433649,54.294195776191785,33.5400390625,-0.0987903470094503,50.0,1.5638423440195837,45.46193636264709,58.20798664306746,-40.92479023575488,2153.821795510369,2206.201349802868,2206.014923650568,2203.3075813346813,2230.3683189314943,2180.1490757378497,2223.4039650589907,2189.484946448812,2195.907848316682,2215.00803565979,2180.744181193871,2204.1726643880206,2177.48400736086,2214.604625591285,2204.1726643880206,2232.785331996246,2180.6588959400624,2213.4898914613536,44.988303310228126,0,1,6.2650146484375,-1,0.2947102343449659,48.18033673838873,25.380482944219523,65.7197265625,44.085856599364426,3.610632158836137,-1114263.3850258612,-11778.759641739074,-0.030004277337236,-1531571.5232940712,58.17599221984984,2319100.0,4.0,34151578.95567648,18.239999771118164,116.18000030517578,20.809999465942383,608352647.0214844,-0.0204324710974548,1.3277773530650037,0,1,-40,0.5698924731182796
79,79,PLD,126.39975702099596,127.71149159870411,126.1334611918879,126.2813949584961,2156500,0.0,0,0,0,0,0,0,0,0,0,0,0,0,0,0,0,100,0,0,0,0,0,0,100,0,0,0,0,0,-100,0,0,0,0,0,0,0,0,100,0,0,0,0,0,0,0,0,0,0,0,-100,0,-100,0,0,0,0,0,0,0,0,0,121.17906726223566,106.35861572432864,27.990889419819137,24.25662713267156,92.85714285714286,43.84786384032925,2.0444535107572537,43.412804004800925,57.47895865912343,0.2082552108509938,55.20811419365458,1.6825615042515525,1.7485966553802657,-0.0660351511287133,1.578030600168958,127.45203687020576,126.38594512939451,125.3198533885833,3.6268944316428815,2.522118690686355,0.0236490543431244,-0.0750061988594208,112.16411774058189,-0.1348568458798011,22.30287494486128,5.703252834675157,0.62427117570451,71.92699397093429,0.7495574951171875,0.3385918053225857,75.0,0.5971054915338447,61.15143747243064,65.07707166559044,-32.584534402026854,125.58367902744747,126.7703663498637,126.1747046730735,126.23870673546426,126.5186016737776,127.40129021552232,126.35922011053384,124.91131570870512,124.44793106435765,126.1623573154211,125.73838681013449,126.07625885009767,126.3832092404058,126.51072395498323,126.07625885009766,122.26812963098033,125.94075759633348,126.48627074081313,64.60459327811367,1,0,0.0147926238439864,1,0.409495995595368,1.782746340476864,24.263871407093728,3.3039947735933595,72.57121305032291,0.7394730575287578,13759490.524563218,368220.23949660175,0.1513136182307354,241691.72166623987,58.51702087387397,77405600.0,1.0,25602169.70032612,18.239999771118164,116.18000030517578,20.809999465942383,272581076.01577777,0.0016413201667477,1.406892505273474,1,0,-40,0.5698924731182796
80,80,ADP,204.54830163115872,206.4229141657239,204.54830163115872,205.7456970214844,1533800,0.0,0,0,0,0,0,0,0,0,0,100,0,0,0,0,0,0,0,0,0,0,0,0,0,0,0,0,0,0,0,0,0,0,0,0,0,0,0,0,100,0,0,0,0,0,0,0,0,0,0,0,0,0,0,0,0,0,0,0,0,0,0,195.95789440330307,176.86688715349413,16.39930425311785,15.32704777827874,64.28571428571429,23.08949664492155,1.3786055458746287,81.83720834013555,82.3995708180355,0.1661836372052416,65.33854484655114,2.488041806449843,2.199571619360109,0.2884701870897337,1.874612534565188,206.4606865335409,204.0477478027344,201.6348090719277,5.692323861031468,2.748056265024047,0.0321555732454312,0.6387428699250569,167.78801486771525,0.0727221037668752,33.07905457627604,4.01292048098189,0.6625500819919468,69.28614655106747,3.9553070068359375,1.435321091452925,66.66666666666667,1.960106725869748,66.53952728813802,63.732786240685215,-7.026496044172926,199.78063473476087,204.82669931594347,203.2284889914773,204.4005998731493,205.2547190194224,205.1426323084032,204.04411116031807,200.2755567256465,200.6977193786454,202.08875593543053,201.43228376173508,202.0445668538412,202.46240100933755,205.2122868135176,202.0445668538412,195.4621754956477,201.941573683294,205.05477298225617,54.07056278829574,1,0,0.3258474612479688,1,0.3943055426068987,2.7722774393422114,25.463368444538563,2.9640535603413127,73.50445077920531,1.0710265589839407,24701957.30843073,1735461.5839486383,0.2420561818039448,771378.7811649594,76.77744323211712,59555600.0,1.0,37776142.94532387,18.239999771118164,116.18000030517578,20.809999465942383,313736185.04187125,0.0019711323146431,1.3925982686032436,1,0,-40,0.5698924731182796
81,81,SBUX,119.74024078229296,120.51440313562328,118.67209007529084,118.99547576904295,5712300,0.0,0,0,0,0,0,0,0,0,0,0,0,0,0,0,0,0,0,0,0,0,0,0,0,0,0,0,0,0,0,0,0,0,0,0,0,0,0,0,0,0,0,0,0,0,0,0,0,0,0,0,0,0,0,0,0,0,0,0,0,0,0,112.69125528931892,104.0160544939561,24.72023993671565,23.368929155555108,28.571428571428573,11.293214671048576,2.7852241527090285,24.22401035793166,52.88494090443149,0.3273359539057718,59.6083493597814,2.47197622230172,2.358142290409007,0.1138339318927128,1.8423130603324296,125.05825112664137,121.18273162841795,117.30721213019456,7.106581036082531,3.223286848801834,0.0282332560573683,-0.4042554054931448,21.731104127615176,-2.353807139596695,15.10603246190992,10.011607898651564,0.6277142142227855,53.09770988722603,2.645858764648437,0.1469007955916932,41.66666666666666,2.274058851907101,57.55301623095496,66.18545924801568,-40.78400129610976,116.89561906972632,121.22536327649206,120.478947726163,120.10275620680588,121.4848061532592,123.5892056318026,120.70628703293838,118.32070238252936,117.01355125168786,121.99368923902512,118.80413096846551,120.73587239583334,120.10669602522016,120.8288650124021,120.73587239583333,115.42267581785134,119.5145326787145,120.4496630055169,39.92688291859292,0,1,0.4723357276911132,-1,0.425469539071106,2.1202566721165645,26.56093871800904,3.126057703051572,36.16066347842386,1.8860488676229936,106925418.03155756,4423454.9344383925,0.2196449460722391,-1882245.807303823,65.1996370174157,162274100.0,4.0,461042223.2629396,18.239999771118164,116.18000030517578,20.809999465942383,683992177.4206921,-0.0060197593610418,1.6429400566725971,0,1,-40,0.5698924731182796
82,82,CB,166.78266503139466,167.967969632063,165.98256973077696,166.67401123046875,2158300,0.0,0,0,0,0,0,0,0,0,0,0,0,0,0,0,0,100,0,0,0,0,0,0,0,0,0,0,0,-100,-100,0,0,0,0,0,0,0,0,100,0,0,0,0,0,0,0,0,100,0,0,0,0,-100,0,0,0,0,0,0,0,0,0,163.01401336209835,155.07548048983736,14.994854798477151,18.50310669420472,50.0,26.4414924499882,1.8774064192525075,35.748269141526464,41.26125299720585,0.0980164547720541,46.49952400023676,1.299775983456044,0.9035834787089188,0.3961925047471253,2.587918972883301,168.1316239299302,165.87393188476562,163.61623983960106,4.549458044840634,3.0407069279597465,0.0290858869999883,-0.0547264059273537,89.20471352821002,0.579980748732468,12.454227576642037,6.628228541926549,0.418009547956325,63.00756754184725,1.96563720703125,0.6348764807161252,66.66666666666667,1.1934045361601031,56.22711378832103,58.56581428914165,-32.72858894096465,164.60149099241954,166.4407407204699,165.6629072709517,165.84339894114677,165.79338856705706,170.0811204057307,165.80745542649214,162.18557895885547,163.6098692910604,165.7350813150406,164.73628858375292,165.5324910481771,165.17965717002232,166.47111039231822,165.5324910481771,162.43644588744803,165.14054700799258,166.01875247089373,51.75200512202639,1,0,-0.4227611537741836,1,0.2134742784788872,3.573466851143581,25.767994538843148,5.264760373861122,66.16222952359276,1.3021033716104125,-42966.56933379173,272685.10715389735,0.1345107095401261,884991.7137677844,58.87749296231094,44513100.0,1.0,80631990.64319442,18.239999771118164,116.18000030517578,20.809999465942383,359967025.9372591,0.0060176156737343,1.389210529155201,1,0,-40,0.5698924731182796
83,83,NFLX,512.6900024414062,519.7899780273438,510.9599914550781,517.5700073242188,2537100,0.0,0,0,0,0,0,0,0,0,0,0,0,0,0,0,0,0,0,0,0,0,0,0,0,0,0,0,0,0,0,0,0,0,0,0,0,0,0,0,0,0,0,0,0,0,0,0,0,0,0,0,100,0,0,0,0,0,0,0,0,0,0,513.7082000732422,517.2332000732422,22.42545024761884,28.2888260796264,-42.85714285714286,1.2145588883269551,-1.2353987629224712,59.22696202302957,57.68091725740061,0.0592493025026952,56.512371728852806,-0.5904504433273132,2.1351411251558594,-2.7255915684831726,8.829986572265625,520.9507332371325,517.3039916992187,513.657250161305,-4.350767876120244,-6.529362800793706,-0.0207232064109097,0.5526627750647161,-56.03934061878564,0.4261391521038385,-6.576563759591345,-7.501082962578891,-0.7298314862306846,59.62343525510402,-12.739990234375,-0.6634590926450714,50.0,-2.402366595581173,46.71171812020432,30.718427469015023,-75.58621421988249,521.9440530427825,515.7024723302275,517.2556285511364,517.0409061458561,516.4992439040309,515.2569573275995,515.8593683639535,523.4004176170079,520.8802358845013,516.0928552150726,523.3604729189311,517.3819885253906,524.9812064201506,513.4580795160825,517.3819885253906,523.8302997705455,519.2139499566413,516.651612915183,46.10903602762525,1,0,0.310992431640625,1,0.2808842755347748,11.241792923865606,25.62171857442036,14.3399658203125,67.22960065902657,4.659584252608141,53484652.68369623,545315.3152857423,0.0220614523571695,-9220328.41680712,31.626307109475903,47388100.0,1.0,437667451.37342125,18.239999771118164,116.18000030517578,20.809999465942383,1300745805.1940918,-0.0139818817294232,1.1973143106626631,0,1,-40,0.5698924731182796
84,84,MDLZ,62.2925192656021,62.59734589517152,62.07619419879723,62.20402145385742,6402600,0.0,0,0,0,0,0,0,0,0,0,0,0,0,0,0,0,0,0,0,0,0,0,0,0,0,0,0,0,0,100,0,0,0,0,0,0,0,0,0,0,0,0,0,0,0,0,0,0,0,0,0,0,-100,0,0,0,0,0,0,0,0,0,62.14685787580662,57.520910229669006,14.08685086507572,15.887534956228516,78.57142857142857,10.297076836577402,1.1569888729723068,6.595351094381922,32.45331268244575,0.0939116571602838,41.70722111745473,0.2978974459475196,0.3977944788890898,-0.0998970329415701,0.5211516963742824,64.60622611464214,62.94346923828125,61.280712361920365,0.9376566113726668,0.7213028883322679,-0.0022310760096244,-0.169811999769685,-93.83047444257748,-0.6242323273275037,-5.128471655673099,3.1659044633774216,-0.2894096860812954,47.70950275133245,-0.9833106994628906,-0.9805733407096976,41.66666666666666,-1.556183282239143,47.43576417216345,55.13267707188814,-87.31338604634563,63.11741436875818,62.83281519292834,62.93399380770597,62.595213509939775,62.64898448135286,63.41829490738864,62.52495429264056,63.09075562400369,62.59451978202895,63.47694344818592,63.12266459459435,63.2577995300293,63.24137933938624,62.55823294230996,63.257799530029295,62.15959992830595,63.01908223445082,62.55691372410031,58.04641238335266,0,1,-0.1061973696928672,-1,0.3352538263017203,0.8073509879207308,25.55640230942773,0.9734709952876276,35.18732128070454,1.3828314552736076,-28125729.618552096,-5558450.947971847,-0.0815228023895834,-1146055.2447346847,54.81299717036555,173899500.0,4.0,175605702.78343445,18.239999771118164,116.18000030517578,20.809999465942383,398834083.849944,-0.0028332708338886,1.2369710449939055,0,1,-40,0.5698924731182796
85,85,SYK,266.7000223209867,270.0151583738318,266.3129106324184,268.92333984375,1050400,0.0,0,0,0,0,0,0,0,0,0,0,0,0,0,0,0,0,0,0,100,0,0,0,0,0,0,0,0,0,-100,0,0,0,0,0,0,0,0,0,0,0,0,0,0,0,0,0,0,0,0,0,100,0,0,0,0,0,0,0,0,0,0,256.7004316123577,241.2166144234665,18.49457514581405,14.751262998069652,50.0,31.17340624568014,-0.2117033699083571,67.34557132580704,75.07234573164375,0.0731921589757211,65.28004700277083,2.4861807613887663,1.3813387387858254,1.104842022602941,3.70224774141343,271.0437999445919,266.140185546875,261.23657114915807,6.298829480410348,-0.5509740389310309,0.0332969118179955,0.6005318060953116,131.12504152774733,-0.3886798324320477,30.91374769349089,2.1083130496168003,0.8973162498530772,78.22887772117056,13.25067138671875,2.1318657180409013,83.33333333333333,5.182670273942747,65.45687384674545,63.44405174671584,-15.286701479533583,254.45836160082985,266.536505417538,263.9504239169034,266.56727866859706,269.56330888536354,264.1844421371177,267.55158988717534,258.0690575379586,260.5387476235352,261.38174682855606,258.4682638976913,261.0900553385417,259.6199369138793,268.5998906470579,261.0900553385417,256.3510622063325,260.09958091912506,268.47743229056675,37.96747277881066,1,0,0.8446652377385988,1,0.3783101984034417,4.765029469639219,26.09967118666978,5.65754724063936,89.37689070309055,2.5393821948004485,14098920.333882676,1590152.800443761,0.2878000854203508,1317865.4492913669,59.22739803078601,31675400.0,2.0,58004583.05244116,18.239999771118164,116.18000030517578,20.809999465942383,280141703.44596446,-0.0018942106537154,1.3949396767220663,0,1,-40,0.5698924731182796
86,86,ADI,162.69905231643352,165.2734617736518,162.26670553879092,164.5070343017578,2678800,0.0,0,0,0,0,0,0,0,0,0,0,0,0,0,0,0,0,0,0,0,0,0,0,0,0,0,0,0,0,0,0,0,0,0,0,0,0,0,0,100,0,0,0,0,0,0,0,0,0,0,0,0,0,0,0,0,0,0,0,0,0,0,162.03077382605213,148.19719254790925,12.70334504965902,15.363068695019466,-21.42857142857143,11.570445246192266,-1.5814262869698812,90.306377404061,82.26871849749745,-0.0452596611967059,63.644929297178265,-0.0067820120243879,-0.2414847316024895,0.2347027195781015,3.0067562348608874,165.55706551941992,162.0289093017578,158.5007530840957,-1.3420620736752369,-2.5773762433956904,0.0093821152533819,0.6013064725241815,111.57966328797174,0.6927373341311491,12.225441887236585,-2.7028840580950373,0.7164980386013303,48.62290578842848,6.8585357666015625,1.0933609977919776,58.333333333333336,4.350524001389133,56.112720943618285,50.12413555995039,-19.182084809989348,159.19039844324942,162.20182353748723,161.6478418523615,162.8063086663093,162.94268962204214,157.1692535487973,161.77868350853976,161.31273933515024,161.57370409660237,160.51527312397957,160.16502768343253,160.61036376953123,160.0649309027184,163.19354261064174,160.61036376953126,159.76445466913458,160.56119465523994,162.88835128778967,48.62355057139301,1,0,1.1290073887108207,1,0.2678316271789758,3.2787152076758725,25.61699475536209,5.148827411128025,64.37217647655304,4.2755644676306135,38048468.1868901,3891259.3461697735,0.2416905348755376,989062.1048953292,58.9505402218869,62637400.0,2.0,66035314.55702075,18.239999771118164,116.18000030517578,20.809999465942383,435838221.3452621,0.0048549245077396,1.3938422618222417,1,0,-40,0.5698924731182796
87,87,DUK,101.75031194562844,102.74201043914124,100.98005683738896,101.20150756835938,2567700,0.0,0,0,0,0,0,0,0,0,0,0,0,0,0,0,0,0,0,0,0,0,0,0,0,0,0,0,0,0,0,0,0,0,0,0,0,0,0,0,0,0,0,0,0,0,0,0,0,0,0,0,0,0,0,0,0,0,0,0,0,0,0,97.95007674960289,91.0724839677603,24.14725164772855,19.47578482565142,100.0,42.64300764127748,2.31250274749026,62.709900439540405,73.33883809177162,0.1568818121062909,57.23106507322964,1.2165684103851078,0.9825971279810618,0.2339712824040459,1.7619536017522677,102.70608884903402,101.55389404296876,100.40169923690348,3.3133573882190888,2.274588315914841,0.0288840519602375,-0.3114749314188961,96.73341486141508,-0.8365813061710727,23.2740828410054,7.9495422525751644,0.6277714866865998,54.57159270593812,0.3369827270507812,0.60737968496612,50.0,0.3340943979867727,61.63704142050271,73.22416109518927,-26.058607044898032,99.72646017812072,101.82641590123885,101.08334003795277,101.37972691676,102.145490580855,102.87249364530568,101.71156715750766,100.4963273927027,99.5592514920006,100.66450761258602,100.31718408649373,100.66681950887045,100.6552763757076,101.9001313487743,100.66681950887045,98.80314547583104,100.50791650576986,101.9060923966543,50.45287169685666,0,1,0.0096279921102294,1,0.4483126264808008,1.514233793505749,25.277997012229047,2.9751036857828126,52.06224230243176,0.819278147188256,23091719.971571136,353644.38082109764,0.1940096170520492,167866.86520313908,54.97767591127101,87418500.0,3.0,187997755.9845628,18.239999771118164,116.18000030517578,20.809999465942383,261264275.9827901,-0.0021716952291986,1.240404448686664,0,1,-40,0.5698924731182796
88,88,GE,105.011834056117,105.49061476896976,103.09672642462849,103.33611297607422,7507838,0.0,0,0,0,0,0,0,0,0,0,0,0,0,0,0,0,0,0,0,0,0,0,0,0,0,0,0,0,0,100,0,0,0,0,0,0,0,0,0,0,0,0,0,0,0,0,0,0,0,0,0,-100,0,0,0,0,0,0,0,0,0,0,105.75754542249344,94.56791585392344,15.936070968213471,16.061804227587515,50.0,2.657104505365722,-1.1284443543580325,58.03920738162218,62.17669931156769,-0.1238058822815135,39.95709980759827,-0.3301483437446535,-0.8167601697643773,0.4866118260197237,2.9524602819144974,106.4538581152811,104.3255889892578,102.19731986323453,0.5910476609637811,-1.1677876007862693,-0.0014532333564587,-0.6999996821087628,58.8066619840855,-1.4809114525197948,-1.792224145812973,-0.5743266967917627,0.6714899412753328,53.820263906945925,3.191841125488281,0.3351637566257456,58.333333333333336,3.1872428312729406,49.10388792709352,54.78800039683552,-31.927699956084908,101.07803552765466,103.98327267801596,103.6219315962358,104.11175638478952,105.40460999614174,102.2045213645498,104.70239579373757,102.31503102202052,103.1524540958718,102.82056008279324,102.01792902573555,102.8919184366862,101.9048955100206,104.75290093118248,102.8919184366862,104.16624811386308,102.4056315083714,104.82963076967565,47.33943785088764,0,1,0.1835317259622116,-1,0.2512875349409994,3.0726034628529795,25.73509354493096,4.14940825906578,60.959495887916354,4.849205431275452,-143215622.6304004,-1621922.7227624357,-0.0031238048563791,975801.6477783228,51.6869749775676,225358813.0,3.0,1265479270.2033083,18.239999771118164,116.18000030517578,20.809999465942383,788411838.1762093,-0.0022744375153547,1.8744287412072025,0,1,-40,0.5698924731182796
89,89,MMM,191.1162765348288,192.3131716496584,190.3440866132709,191.0583648681641,1910300,0.0,0,0,0,0,0,0,0,0,0,0,0,0,0,0,0,100,100,0,0,0,0,0,0,0,0,0,0,-100,0,0,0,0,0,0,0,0,0,100,0,0,0,0,0,0,0,0,100,0,0,0,0,-100,0,0,0,0,0,0,0,0,0,192.86122844285453,177.16128220831683,11.031773533031664,11.33427135131475,-50.0,17.056733323384417,0.3895280723013072,41.12403506060419,51.71703762988931,0.0230207894172496,50.74111414333549,0.0172037256213002,0.2487544508761977,-0.2315507252548974,1.9690850363873835,195.25998724554893,192.3768737792969,189.49376031304485,0.8891785902372362,0.7481796069023119,-0.0052843478016244,-0.0294104447469526,-103.24067598251273,-0.2058993116288638,-7.385605352726469,-0.5658997452255207,-0.4283966777878285,34.310492216479574,-1.380279541015625,-0.6445488007691323,25.0,-0.7172569445463073,46.30719732363677,47.79618316645977,-63.49395139349768,192.90922142046605,192.0174706015908,192.3924954501065,191.74678850507405,191.69633755157056,194.4061539256444,192.3046099752408,191.25586028477463,192.3538282870736,193.39688861370087,193.118541306612,193.03355611165364,193.4513152362913,191.43594111601143,193.03355611165364,190.59191675874243,192.59214007262148,191.4597379085386,64.14586028043291,0,1,0.0945953867762057,-1,0.2443410718870914,3.020838701385627,25.37994272228115,4.044362120304697,30.334545759425804,1.5753664258316369,5285428.448625944,-238604.28424071148,0.117513220753371,-555551.6645549011,47.89956950377675,80998300.0,4.0,34303328.21462777,18.239999771118164,116.18000030517578,20.809999465942383,365089423.0644834,-0.0100000815123842,1.2788115360964063,0,1,-40,0.5698924731182796
90,90,EOG,69.63409790615955,69.80539979473974,68.59677504693548,69.33908081054688,4708500,0.0,0,0,0,0,0,0,0,0,0,0,0,0,0,0,0,0,0,0,0,0,0,0,0,100,0,0,0,0,0,0,0,0,0,0,0,0,0,0,0,0,0,0,0,0,0,0,0,0,0,0,0,0,0,0,0,0,0,0,0,0,0,76.36260558882107,60.29264556761463,24.861139292113744,18.238692060247693,-28.571428571428573,30.442573722172927,-5.967003946860021,56.29891508142899,56.78277017497332,-0.4385288940347398,50.74990172823849,-2.124255797735273,-1.9766963569067224,-0.1475594408285505,1.551227577576242,70.82672129613258,69.80921173095703,68.79170216578149,-5.794617317336957,-4.424120731842834,-0.0647936755201611,-0.2440932110223974,-46.56664352030668,-0.7597540447965908,-19.662108375378992,-18.14246903142993,-0.1099634989309604,41.83976673031309,-0.999267578125,-0.4708665973972502,41.66666666666666,-1.420658290984178,40.1689458123105,36.97224003850981,-73.69624334487429,68.97804133061415,68.79947210280197,69.65884746204723,69.64841013021403,69.84123977507272,66.00892465331167,69.63332950069085,71.66572897246758,71.15383772532327,69.78000047802925,70.00599040370511,69.6375956217448,69.37107531688378,69.20672438578134,69.6375956217448,72.43008406947165,69.2882704324983,69.4618980874522,38.71184723415338,0,1,-0.0247430342410254,-1,0.3678117658860573,2.4781159960424186,24.392015016200848,2.6361371183480173,47.65182370772874,11.611650030582336,388904.9794642881,2740454.1980576813,-0.0049718430886783,-746955.3235530831,46.36761534149873,37715800.0,3.0,403770449.267253,18.239999771118164,116.18000030517578,20.809999465942383,327872149.9911523,-0.0133495746504088,1.4823532292157182,0,1,-40,0.5698924731182796
91,91,BA,229.38999938964844,231.17999267578125,225.3999938964844,226.47999572753903,9940100,0.0,0,0,0,0,0,0,0,0,0,0,0,0,0,0,0,0,0,0,0,0,0,0,0,0,0,0,0,0,0,0,0,0,0,0,0,0,0,0,0,0,0,0,0,0,0,0,0,0,0,0,0,0,0,0,0,0,0,0,0,0,0,237.92040100097657,222.1763003540039,22.517582999736018,20.61206225262331,-35.714285714285715,6.29564680483251,-3.569499363983946,57.76074633144268,64.25332918758882,-0.3084026035921172,45.89471287452252,-3.204996749493631,-4.451876646737292,1.2468798972436606,6.230010986328125,234.75553792376127,227.56000366210927,220.3644694004575,-5.401383972167963,-8.228011791522675,-0.0174780722392094,-0.5034609475234821,59.07928846928284,-1.6486166983536286,-5.765446071297273,-7.070374795371915,0.7084350954331311,48.85555314879864,8.739990234375,0.5436023469243232,50.0,4.013957019326608,47.11727696435137,50.87025021704992,-33.68005183040107,217.7377998054021,225.98051366935127,225.6910927512429,227.48622504814523,230.8213286274528,213.05021503860004,228.90555498240377,226.715307030894,226.23919635733373,223.46256107091904,221.4660506176693,223.42566833496093,220.28560252587488,228.82497340416043,223.42566833496093,232.24449710012053,221.1814198892068,228.7284254188801,44.07883354772434,0,1,0.3300003051757812,-1,0.37523680093061,6.84505927708619,25.527724582154868,10.889999389648438,53.90723803154764,8.168729118719545,-589763896.8713118,-12279346.481954576,-0.1647128532038935,4676519.365488421,35.84014482953259,70521400.0,3.0,3367430316.895878,18.239999771118164,116.18000030517578,20.809999465942383,2280159532.9330444,-0.0184004579007865,1.279007480252056,0,1,-40,0.5698924731182796
92,92,CI,224.01118181148183,226.71022989751089,223.2260011912403,225.238021850586,1782600,0.0,0,0,100,0,0,0,0,0,0,0,0,0,0,0,0,0,0,0,0,0,0,0,0,0,0,0,0,0,0,0,0,0,0,0,0,0,0,0,0,0,0,0,0,0,0,0,0,0,0,0,0,0,0,0,0,0,0,0,0,0,0,236.7689369825373,220.6945336165179,32.9006960161145,29.74359808442768,-71.42857142857143,38.00195931310834,-1.2261978254805628,42.30791601025799,34.56191970177204,-0.1808048999895173,48.70010974200959,-2.931515834358009,-2.946871080905911,0.0153552465479016,3.4842287062705566,225.8461407753132,224.36646118164063,222.8867815879681,-5.577644296612107,-2.812608669965698,-0.0180419496036742,0.3521123733629009,-56.89414082635514,0.7003983890468468,-17.998416462573502,-4.7762589273299465,-0.6442189331865648,55.118142468350406,-4.259567260742188,-0.509971565568666,50.0,-1.8560400905457408,41.00079176871325,38.35302189974349,-61.3907787863254,227.24760504723275,224.22406263615545,225.4171700217507,224.9106244707441,223.4766139020689,227.75998524775315,224.71571937452896,228.99308128046184,227.5924321252392,226.3055265545845,227.1198099690477,226.1507726033529,226.30188878797685,224.1545508497165,226.1507726033529,232.8329669195716,225.6326486618357,224.1337441593736,55.63275173503438,1,0,-0.5771014743567576,1,0.2388419789875125,3.8592790383930455,24.577527916425392,6.438443374455176,61.13137781906836,2.752520286577226,-25463875.05759555,912158.2291923724,0.1655735475070669,-271279.074041762,49.47091016357684,2679000.0,1.0,99596452.22560628,18.239999771118164,116.18000030517578,20.809999465942383,399322332.6971476,-0.0016184077361711,1.1270527937787456,0,1,-40,0.5698924731182796
93,93,CHTR,715.0900268554688,747.8699951171875,714.6699829101562,744.0499877929688,1374600,0.0,0,0,0,0,0,0,0,0,0,100,0,0,0,0,0,0,0,0,0,0,0,0,0,0,0,0,0,0,0,0,0,0,0,0,0,0,0,0,100,0,0,0,0,0,0,0,0,0,0,0,0,0,0,0,0,0,0,0,0,0,0,705.5106018066406,653.2243008422852,23.01633175998987,24.57967636694447,78.57142857142857,33.993090984980775,-0.2250722386151755,46.56367027194518,49.01577790286708,0.1063289149035418,58.76149983081272,5.926506443546145,5.620814622832491,0.3056918207136547,34.07000732421875,747.1853561552556,727.3039916992187,707.4226272431819,11.041060862821723,-1.6255141038161582,0.0302278891398495,0.8722876593210025,171.1053192052675,1.8058518811095616,28.12841361024701,0.2686726600451372,0.7466158033878477,59.07524893866559,34.05999755859375,2.027684848796424,66.66666666666667,4.797250387621688,64.0642068051235,55.89275272141996,-8.084671585648149,718.420587328208,729.0633917792976,725.9485362659801,729.4141171328671,727.3466938675251,731.7462409727425,729.5627777206363,725.7256166499153,719.6737638450793,725.1440107822418,718.732294571628,723.7636555989584,722.0290598399752,730.9846034565701,723.7636555989583,708.2786560138809,724.6764362299076,728.725171501353,52.54994565882394,1,0,2.89598388671875,1,0.2308883377064808,13.916714750418093,25.049799224839465,38.7301025390625,58.24628801264727,3.501392618477231,-4640140.476935244,203244.17568549328,0.0060843825335001,4901889.555536476,55.08996372938725,32824200.0,1.0,33205610.303663008,18.239999771118164,116.18000030517578,20.809999465942383,982962750.9155272,-0.0117196406469488,1.3423626313757862,0,1,-40,0.5698924731182796
94,94,ZTS,201.54140260743367,203.273498136082,201.3124352298657,201.78030395507807,2427500,0.0,0,0,0,0,0,0,0,0,0,0,0,0,0,0,0,100,0,0,0,0,0,0,100,0,0,0,0,0,0,0,0,0,0,100,0,0,0,100,0,0,0,0,0,0,0,0,0,0,0,0,0,0,0,0,0,0,0,0,0,0,0,186.81785769878087,167.37969411331312,47.43538160984275,46.028326317026576,57.142857142857146,43.49457325064569,2.2829531468740125,68.61089605052904,71.93145779826843,0.3541462042862875,57.434908996976034,4.326543698587386,4.599097550153941,-0.2725538515665544,1.9610629062162843,203.9001021592612,201.6369415283203,199.37378089737945,9.257176928617014,4.466060736240507,0.0314570425641274,0.1218223785106848,90.68738789181688,-0.557136114407754,30.4482281654054,5.878134750647233,0.7792651312931276,56.27667222101725,3.25750732421875,0.623409134276,50.0,1.6408731790515052,65.2241140827027,62.77363559863887,-28.675656334865337,198.54969147423105,202.91292973912184,201.26952625621448,201.88721588775,202.84889571063115,205.1152126499472,201.88852237762256,198.46107040124684,196.7165767794968,200.7327391505241,199.72639913743987,200.56449737548823,201.68438591524216,202.4781339344489,200.5644973754883,193.8823801299341,200.0490591940948,202.505314981102,51.56047749274644,0,1,0.3365443694337415,-1,0.4447966665780322,2.826531312718114,24.91923106291992,5.335654254815381,58.09473185850272,0.8186202125893921,-153655.10802910174,272359.04025369044,0.2502936746550728,324872.68924227613,55.35724391000564,61821000.0,3.0,50193566.89296071,18.239999771118164,116.18000030517578,20.809999465942383,489241754.8295455,-0.0074515258836325,1.4808790563253629,0,1,-40,0.5698924731182796
95,95,SO,61.66832555756855,62.32161234061712,61.20717892790256,61.36089324951172,5192100,0.0,0,0,0,0,0,0,0,0,0,0,0,0,0,0,0,0,0,0,0,0,0,0,0,0,0,-100,0,0,-100,0,0,0,0,0,0,0,0,0,0,0,0,0,0,0,0,0,0,0,0,0,0,0,0,0,0,0,0,0,0,0,0,60.48836980999107,58.4632354869425,21.98822070993336,27.82439736158147,85.71428571428572,26.27374093628345,1.8118019727335628,58.88026037061427,68.44111337568167,0.0665750126404018,54.54663562765554,0.4470137431670338,0.2200497612604988,0.2269639819065349,1.1144334127145683,62.22086212884224,61.59914932250977,60.9774365161773,1.5789368449634296,1.0853003966502683,0.0243595946457946,-0.2758642235142427,89.40085066205978,-0.895915555116241,14.81596993106102,7.199326871828712,0.8524927921790821,59.00540532920124,0.7301483154296875,0.7058066859012818,58.333333333333336,1.2042542380495291,57.40798496553051,75.18117141322827,-26.24677037961536,60.51586569786214,61.73736994315928,61.36857729825107,61.5177643782609,61.92859754080536,62.38800205273413,61.7221633947328,61.048716142189086,60.59834536574546,61.22032956033945,60.78901922147568,61.16362393697103,60.87894210990905,61.87503893097625,61.16362393697103,60.60883855620764,61.09455375428255,61.77893605482587,51.41972604236639,0,1,0.0855032396063698,-1,0.3594721189513046,0.9435266240736756,25.224377136060472,2.180824261317426,51.926729952343,0.4621135389980907,-16178356.76856414,112988.26973162404,0.1041825768756528,166437.56900757516,60.681418033684,31880400.0,3.0,12926585.269624123,18.239999771118164,116.18000030517578,20.809999465942383,320188113.12745166,0.0062706023419094,1.1546789850777055,1,0,-40,0.5698924731182796
96,96,CCI,188.67754559476265,190.50509191946432,188.1693453924036,188.7068634033203,1802800,0.0,0,0,0,0,0,0,0,0,0,0,0,0,0,0,0,100,0,0,0,0,0,0,0,0,0,100,100,100,0,0,0,0,0,0,0,0,0,100,0,0,0,0,0,0,0,0,100,0,0,0,0,100,0,0,0,0,0,0,0,0,0,190.72961124353057,167.17956356065196,32.738766503201795,33.02483290448187,-14.285714285714286,30.80890863479838,-0.5112672768625717,61.27188600663276,51.07886129176535,0.0151287826179347,45.605236383269975,-0.7413892208490438,0.4412629268605985,-1.1826521477096423,2.335746527060764,190.25162144382404,188.74400939941407,187.2363973550041,-4.4307108954346575,-0.9888936556302496,-0.0243678516068174,0.0125517937062226,-56.79925765945479,1.1464977617977323,-14.706979768966782,-6.4975856755924335,-0.8414361067030399,52.40816646178376,-9.792556762695312,-1.4008758099526448,50.0,-4.93329237662522,42.64651011551661,31.50662398397124,-75.75560928373837,194.95345857182247,188.4770576246991,189.6377949107777,188.93609181650868,187.43510779179329,187.6570626612929,188.3432767042772,191.86539219191465,191.48200035821668,189.3816677033901,193.0954949314612,190.38522338867188,193.0460150296759,187.3119633126317,190.38522338867188,190.41508950920303,190.7746560760299,188.43507699937965,45.03923412516373,1,0,-0.2179375168491645,1,0.2700437327344895,3.246756629826012,25.13770319352708,4.876712417474892,48.61219822809841,3.617051749774741,11906988.449775023,409931.4573310688,0.1371160100348958,-1570178.378885977,44.777266431359735,30883500.0,1.0,10869419.713319696,18.239999771118164,116.18000030517578,20.809999465942383,340147879.1982381,-0.0042808152044322,1.1714182976985814,0,1,-40,0.5698924731182796
97,97,MMC,145.20991248319297,146.48707911746882,145.04160662962354,145.7544403076172,2145700,0.0,0,0,0,0,0,0,0,0,0,0,0,0,0,0,0,0,0,0,0,0,0,0,0,0,0,0,0,0,0,0,0,0,0,0,0,0,0,0,0,0,0,0,0,0,0,0,0,0,0,0,100,0,0,0,0,0,0,0,0,0,0,138.21824783861456,121.45315671940664,22.061584157722542,21.47500352756193,35.714285714285715,34.147578558716106,1.2498743154230976,56.4947346563311,58.91732929941884,0.180110468916661,63.95965735714305,2.1022842548521226,1.7252409855883524,0.3770432692637702,1.4454724878452794,146.72324149019883,144.95974426269532,143.19624703519182,5.308077421869143,1.7591559581267688,0.0355803330441939,0.3767126866841529,93.37722831381896,-0.3509313370524897,33.42134284878628,6.401374113561876,0.859327344978149,60.017151253235,6.3416290283203125,1.8763433058794023,75.0,4.5488136779737065,66.71067142439314,69.82408161374077,-13.460026303635916,140.74523009837284,145.50177679081835,144.36477688876064,144.9751493013822,145.69789456454347,146.41574585760236,145.23837609994553,142.1139452994202,141.64843714068869,144.49964290857315,142.00114290761002,143.8120890299479,142.84289439564373,145.93245041694513,143.8120890299479,138.64532385538072,143.46689880058952,145.23427434356086,41.428595836597445,1,0,0.6930465122163412,1,0.3928541347489346,2.1576109470887275,25.82493118310619,2.4751277149483712,66.48101301921258,1.001413019422002,12537931.402071014,2184205.2274805605,0.2192709484823253,890895.0113447051,66.221463720348,82827600.0,1.0,40555673.619012415,18.239999771118164,116.18000030517578,20.809999465942383,311576909.21518713,0.005829042218578,1.3796781698241816,1,0,-40,0.5698924731182796
98,98,MU,75.83912018645594,77.811558357657,75.76938794607352,77.28358459472656,12528900,0.0,0,0,0,0,0,0,0,0,0,100,0,0,0,0,0,0,0,0,0,0,0,0,0,0,0,0,0,0,0,0,0,0,0,0,0,0,0,0,0,0,0,0,0,0,0,0,0,0,0,0,0,0,0,0,0,0,0,0,0,0,0,79.52638321996385,77.46369418883097,13.800420838620138,14.7550644930384,-64.28571428571429,0.0959157323390602,-3.0834395730297537,81.21820710611387,66.10528757848563,-0.2428084383847339,56.175122905690856,-1.0979568560342583,-1.2778759115715028,0.1799190555372443,2.042170411583484,78.21533717726409,75.85506896972656,73.49480076218903,-2.6904727215316058,-2.40685712374173,-0.0099152096136495,0.7073182532062012,56.019741909616734,1.3448402064131997,-1.2841521405080885,-7.187641722221189,0.2856203369445735,52.38091783439281,2.5601882934570312,0.548170272907742,58.333333333333336,3.4262204613062286,49.35792392974596,43.50038410274939,-38.54554676927136,75.48172815582407,75.78238599091148,75.89093142422763,76.35101249001244,75.99495810306638,73.79081963781144,75.72308797534605,77.47536107373223,76.5944701546118,75.46110734343529,75.66947989919383,75.56086400349935,75.27038781660093,76.31539672946208,75.56086400349935,79.58396154372505,75.44662001745188,76.07601846508594,48.56307010176843,1,0,0.5967126726210992,1,0.2939088450089013,2.235364945755115,24.460430968221665,3.5862634305888434,65.05775701307611,7.701870572446931,40526618.25069886,21593716.102005973,0.2163067057820687,-2009511.5630644795,49.4738769367721,531723500.0,2.0,396745722.913981,18.239999771118164,116.18000030517578,20.809999465942383,950180752.904088,0.0006569836379395,1.5099166343909072,1,0,-40,0.5698924731182796
99,99,GILD,66.48310767450306,66.77342988816663,65.80569902022219,66.08634185791016,9619700,0.0,0,0,0,0,0,0,0,0,0,0,0,0,0,0,0,0,0,0,0,0,0,0,0,0,0,0,0,0,0,0,0,0,0,0,0,0,0,0,0,0,0,0,0,0,0,0,0,0,0,0,0,0,0,0,0,0,0,0,0,0,0,65.53857418271639,61.232893822200666,21.653766723766385,22.71553889428593,71.42857142857143,1.3777597240917794,0.5221997303077479,60.40209618091911,71.13471468067773,0.0854471104123621,53.145742871252864,0.3986129665852758,0.3940122348987345,0.0046007316865412,1.7709535066332762,68.23420837652212,66.93988189697265,65.64555541742318,0.8979721911714762,0.3461503248948361,-0.003026505732419,-0.4099960327148347,-37.08485194295138,-1.3986137594711847,-2.046497871392692,2.3892407812876755,0.5060111047000345,47.569692321784345,-0.3290252685546875,-0.4259202565041224,58.333333333333336,-0.4954053298059424,48.976751064303656,59.53832638564232,-69.63711070443598,66.46085306031772,66.96788114320795,66.83219937411222,66.8125474836443,67.26639963015266,67.07778516748623,67.00227052168772,66.24357591822772,66.40119627708219,66.69799673557281,66.54829449308099,66.74375381469727,66.68795953445454,66.94914559589459,66.74375381469727,64.90901568541675,66.74175206206685,67.0405244016112,58.82386579573144,0,1,0.1199999061938016,-1,0.2647523117387421,1.0205143155697312,24.558941162162945,2.632240771648384,43.10677565927646,1.2631502627830902,-23668766.482621625,864369.1320122853,0.0785796903748605,-1158550.8577838785,47.10618041237751,-155610500.0,3.0,103616037.91614152,18.239999771118164,116.18000030517578,20.809999465942383,639547550.8964171,-0.0220641618316359,0.9447629429693568,0,1,-40,0.5698924731182796
100,100,ISRG,326.3699951171875,331.6966552734375,325.7066650390625,330.4866638183594,1239000,0.0,0,0,0,0,0,0,0,0,0,0,0,0,0,0,0,0,0,0,0,0,0,0,0,0,0,0,0,0,0,0,0,0,0,0,0,0,0,0,0,0,0,0,0,0,0,0,0,0,0,0,100,0,0,0,0,0,0,0,0,0,0,300.5016662597656,267.25118309021,40.25740471940251,42.84622541070637,64.28571428571429,44.523728997794414,1.5991967095808726,87.72154796810646,81.99664408550058,0.3388492319938985,69.47147880313588,7.134967982100989,7.131856814600236,0.0031111675007524,5.989990234375,331.5215721345817,325.7753295898437,320.0290870451058,13.987774388930347,5.060022403032349,0.0444878366980254,0.687257998777257,155.70516346923756,0.3977535078085737,41.49995398618525,5.245000183769399,0.8389451943649306,40.38130628365688,13.7833251953125,1.558381015623479,50.0,4.35212500608273,70.74997699309262,62.6315463875015,-5.290737706230551,317.7294650460711,328.2132176470031,324.8796347878196,327.06151212678924,328.0708790788896,330.7070096956665,326.1708689962252,319.65282788586035,317.0218239317905,323.47421139478683,320.38398877578226,322.86366678873696,323.6466726333865,328.5660986356314,322.86366678873696,313.5178610015269,320.72674782269775,328.0464499474982,54.75523458971219,1,0,0.59033203125,1,0.428311677045357,6.24307154645757,25.98880270963468,8.656646728515625,58.49640594747411,0.9611676542685588,30285591.27470908,1486267.9400312714,0.2549149860047119,1998276.1905740823,66.04888064547887,64418700.0,1.0,146130055.6088712,18.239999771118164,116.18000030517578,20.809999465942383,404372423.9501953,0.0062795011740484,1.7058556775950326,1,0,-40,0.5698924731182796
101,101,USB,54.76400581250786,55.22289598031764,53.8267015639958,54.22700881958008,6478400,0.0,0,0,0,0,0,0,0,0,0,0,0,0,0,0,0,0,0,0,0,0,0,0,0,0,0,0,0,0,0,0,0,0,0,0,0,0,0,0,0,0,0,0,0,0,0,0,0,0,0,0,0,0,0,0,0,0,0,0,0,0,0,56.26336360560919,49.60499945050465,11.78035659587616,13.972329350991828,-14.285714285714286,13.492836774127076,-0.4766191901452727,49.7503147154558,51.32960911256174,-0.0937447745780639,45.320702244789366,-0.3680205817771522,-0.3608055885882207,-0.0072149931889314,1.3961944163218405,55.32189959725709,54.74447784423828,54.16705609121947,-0.5107459434741557,-0.2632749508588787,-0.0183026169685754,-0.3846147690107925,-65.91624765419503,-0.6313748428774684,-10.544773075367818,-2.92561125291527,-0.412370050119795,45.27833100313227,-1.5914573669433594,-0.5932477009193893,41.66666666666666,-2.8511305947127474,44.72761346231609,46.9001769183736,-75.76844620109485,54.66298810089625,54.57841851568739,54.71057101162997,54.627792491779466,54.73345207831068,55.37805573081221,54.73753055873991,55.33472693548289,54.9916209323149,54.73620142042637,54.98692017317582,54.74675521850586,54.90923313372673,54.5373248217272,54.74675521850586,55.34443210253431,54.577434553763965,54.64449561560318,53.859596282418096,0,1,-0.115209701848701,-1,0.1991358925725356,1.4042538859812363,25.58513354320985,2.5971141766220995,39.920567098225085,4.289260574820792,42390462.52843992,604477.4716939703,0.0265587306099438,-642720.6444627532,46.51387621923242,21105000.0,4.0,377483266.60205007,18.239999771118164,116.18000030517578,20.809999465942383,354783135.2557509,-0.0083097448196706,1.6048292902095582,0,1,-40,0.5698924731182796
102,102,NOC,358.7241057360242,360.44576104861926,356.3432891792184,357.1401672363281,645200,0.0,0,0,0,0,0,0,0,0,0,0,0,0,0,0,0,0,0,0,0,0,0,0,0,0,0,-100,0,0,0,0,0,0,0,0,0,0,0,0,0,0,0,0,0,0,0,0,0,0,0,0,0,0,0,0,0,0,0,0,0,0,0,362.27473226177096,320.3489384644219,16.250134519274294,15.261719797793305,-28.571428571428573,1.7712858435179395,-1.0613384088807325,57.8765799596932,57.97211598691138,-0.0869795397369754,43.63387054308299,-1.543444888078966,-1.6863253321831877,0.1428804441042215,4.102471869400858,360.9608383674672,355.989111328125,351.0173842887828,-4.224127677444869,-3.810846573267213,-0.0053481042742972,-0.3860936893949812,41.55813502751219,-0.0154269282575569,-2.88206923651218,-3.708438335501528,0.2347781930551157,45.54256875170534,0.206634521484375,0.2229353953868958,50.0,0.0578915967666793,48.55896538174391,45.47010556479257,-46.95803368469292,353.50007398056067,355.75250280579365,355.7769686612216,356.76789973332336,357.1856765284889,353.9330034556702,355.9910426127279,357.1330489976916,357.3292075117437,354.5027868747711,355.03505206926786,354.7488647460938,354.59303077021696,356.790884708856,354.7488647460938,354.636630590958,354.8139591081519,357.200950459683,47.36791824047892,0,1,-0.060010588080388,1,0.2215367246820774,5.646571873010204,25.05074600538145,7.634295743315761,46.7335070386102,2.821467105313854,-14958392.408801643,-337621.426517088,-0.107425757954842,196480.0290063572,36.19666350355088,16786100.0,4.0,21082149.96057555,18.239999771118164,116.18000030517578,20.809999465942383,231448793.02088284,0.005016491011587,1.124873074660221,1,0,-40,0.5698924731182796
103,103,TGT,256.78756652555086,259.466336643564,254.8080555214703,257.0928649902344,2806600,0.0,0,0,0,0,0,0,0,0,0,0,0,0,0,0,0,100,0,0,0,0,0,0,0,0,0,-100,-100,100,0,0,0,0,0,0,0,0,0,100,0,0,0,0,0,0,0,0,100,0,0,0,0,100,0,0,0,0,0,0,0,0,0,236.7055037976156,194.7756257664484,51.95233487944186,51.896217783159855,64.28571428571429,51.275263189295394,2.362268529874647,63.73137913877207,59.43283537102887,0.3655774203534134,66.04755174430258,5.9627605049979024,6.069257142753047,-0.1064966377551446,4.658281122093712,259.2100497208901,255.9307861328125,252.6515225447349,12.858785445880471,5.839791322365784,0.0399727502175659,0.0655388665221427,106.48605118872726,-0.1236149869141646,47.947031422194016,8.204668495904903,0.8675645673130814,49.18069622925319,9.749893188476562,1.4065439055261175,41.66666666666666,3.941851720084855,73.97351571109701,73.8247475061993,-16.152879412404552,251.52495151346147,257.6382356736506,255.34901317249648,256.1943459677529,256.84427638198474,258.30668185081413,256.23801280462203,253.60012139480915,248.535342465542,255.2387021780014,252.4587651294248,254.62258961995445,254.85832347603173,257.357254951149,254.62258961995445,247.93075059272985,253.8680223168287,256.4545251680341,45.98277894317947,0,1,1.0695350154726042,1,0.5531674366758039,3.498232919972125,25.675986881814644,9.917361804734298,44.68599352152012,0.6015921558214518,37812069.06047644,2792950.4471150488,0.2845149121402721,1811788.752118624,67.27856862183609,208119900.0,4.0,734698888.799845,18.239999771118164,116.18000030517578,20.809999465942383,720699984.210611,0.0098762802513139,2.234188415092939,1,0,-40,0.5698924731182796
104,104,BDX,245.67436124278785,247.21451722836667,244.35560832586907,246.18453979492188,1021003,0.0,0,0,0,0,0,0,0,0,0,0,0,0,0,0,0,0,0,0,0,0,0,0,0,0,0,0,0,100,0,0,0,0,0,0,0,0,0,0,0,0,0,0,0,0,0,0,0,0,0,0,0,100,0,0,0,0,0,0,0,0,0,235.5906335602405,235.61662476102728,14.990303509676025,15.377296286447615,78.57142857142857,30.389780094986985,0.7547133410952855,81.51173636445766,79.7497794389548,0.1218323278308064,63.54190999275385,2.442050442615823,1.8203819564108408,0.6216684862049826,2.858908902497604,248.6364277864141,244.24200439453125,239.8475810026484,6.712116074351172,1.8052418048565075,0.0292181139102265,0.1784521891160362,135.50672925725542,-0.214615763653662,32.713858178175784,3.030600714922324,0.9115803361935084,39.36876677608088,7.392776489257812,1.6948750328962892,58.333333333333336,3.095909334106617,66.3569290890879,66.51954038349328,-7.742370587761044,238.44272145541285,245.11615433343505,243.1985490278764,244.80074774468696,246.30393998885705,245.56315704190607,244.9300568635269,240.60806730614485,240.35028094593653,241.441640496254,240.10057695788856,241.47806193033853,241.32580991357224,246.00339318709743,241.47806193033853,238.3114682415316,241.33408796423643,246.0496064345141,47.54045834099061,1,0,0.5226939558745386,1,0.3504179803740657,3.292135168445585,25.553465112122616,5.294279596987394,59.19588895145853,1.444975790627896,-4316529.674353277,738309.5697329957,0.2202641918710899,844270.7340710404,58.60274187337848,21694734.0,1.0,11317500.299929388,18.239999771118164,116.18000030517578,20.809999465942383,250834259.8519701,0.0016876666590028,1.0966733050164057,1,0,-40,0.5698924731182796
105,105,TJX,67.16390034976278,68.64943774528882,67.16390034976278,67.69515228271484,3668600,0.0,0,0,0,0,0,0,0,0,0,0,0,0,0,0,0,0,0,0,0,0,0,0,0,0,0,0,0,0,0,0,0,0,0,0,0,0,0,0,0,0,0,0,0,0,0,0,0,0,0,0,0,0,0,0,0,0,0,0,0,0,0,65.80449457160833,64.57326094605845,10.314738371593984,11.547128419905851,57.142857142857146,13.422260438489564,0.0755943263614109,60.54975206589464,67.45257512480018,0.07145818123655,53.166254814435085,0.3917361914606374,0.262466631106849,0.1292695603537884,1.4855373955260376,68.13292889190362,67.42952880859374,66.72612872528387,1.544503837340116,0.0503250268789372,0.0168637260851129,0.3576159944219649,104.87881224526993,-0.2787068511221331,12.93353169779582,0.92908797572898,0.6317300457526691,43.55550476385666,1.3773040771484375,0.7882963106905141,41.66666666666666,2.076822626812591,56.46676584889792,55.52973024435048,-18.130881489547924,65.70471996924287,67.47115729869728,67.12401560003107,67.41700757967008,67.74940116959745,68.72306563873686,67.38904929357265,66.067400483623,66.60939046434729,67.01114723831415,66.49656623766133,66.83203722635905,66.80067766907428,67.63557435628702,66.83203722635905,65.99997374397435,66.3769055904783,67.53214355107211,48.968003819426286,0,1,0.2243058803186663,1,0.1937945478438838,1.2942102870104963,25.20766368319665,3.0005929184934814,43.21406823236183,1.9147872848082448,47344244.14659583,835487.9439714104,0.0730213362495759,456780.86310859886,56.40555138823543,29685500.0,4.0,174114282.27505487,18.239999771118164,116.18000030517578,20.809999465942383,246397484.82313976,-0.0016087458355954,1.303573637048831,0,1,-40,0.5698924731182796
106,106,CME,207.93068485403785,208.63743397425088,204.99717594332964,205.374755859375,979000,0.0,-100,0,0,0,0,0,0,0,0,0,0,-100,0,0,0,0,0,0,0,0,-100,0,0,0,0,0,0,0,0,0,0,0,0,0,0,0,0,0,-100,0,0,0,0,0,0,0,0,0,0,0,0,0,0,0,0,0,0,0,0,0,0,206.6968692382821,187.53159240662453,14.008418223558186,15.570343766233185,57.142857142857146,9.942941561691844,-0.2701864854777216,65.05315684114339,65.13295693929746,-0.0515440195421601,49.267777891153045,-0.0289071168425891,-0.563054504549997,0.5341473877074078,3.640258030921245,208.55500738580147,205.75428161621093,202.9535558466204,-0.0187983591364684,-0.553088946220214,0.0032650963412375,-0.7021285230201082,106.06594801191773,-0.7100496834274796,1.7897891938803343,2.0754783573576936,0.724444077431858,62.6910114464313,2.710800170898437,0.3788199418806386,58.333333333333336,1.3375837660374756,50.89489459694016,58.113127257016096,-33.77558887019789,202.7739055327156,205.8533377814645,205.3084017666904,205.9107688423637,207.0010106096439,203.3914267718769,206.0808332180736,204.2159168303856,204.7043449925713,204.49338269233704,203.78157487153712,204.53795623779297,203.3138823283072,206.70776225522928,204.53795623779297,202.87505074619,204.3113809472196,206.57098527915,58.934041073693486,0,1,0.5915414854565796,-1,0.2571298481179312,3.6807842674572178,25.31654847883472,4.792341623365928,57.63243016795612,2.288138000825985,6408507.637483779,35978.17440848611,-0.0131074443504739,137960.68476481608,59.110940095493234,28596100.0,3.0,78886168.11923403,18.239999771118164,116.18000030517578,20.809999465942383,203564140.47210303,-0.0051879164980503,1.1948084474758078,0,1,-40,0.5698924731182796
107,107,LRCX,606.2237820808986,632.5166302398901,605.8963447513463,632.4273071289062,1651100,0.0,0,0,0,0,0,0,0,0,0,100,0,100,0,0,0,0,0,0,0,0,0,0,0,0,0,0,0,0,0,0,0,0,0,0,0,0,0,0,100,100,0,0,0,0,0,0,0,0,0,0,0,0,0,0,0,0,0,0,0,0,0,625.3324616861389,542.8825232539905,12.766168211300226,13.33326124040942,35.714285714285715,9.51163864676059,-0.5598506913062992,63.834576991436734,59.2488725830165,-0.0299525152350321,62.55368819619057,1.2154761191884518,-0.806729269667989,2.022205388856441,26.6202854885438,642.5611296646998,626.071435546875,609.5817414290502,-0.348627914024064,-3.475573026216921,0.018723710957357,0.9843442535311852,42.16195347687847,0.5543542820737699,8.36201574020362,3.544958352183828,0.6479805641023146,54.60043006458605,48.5474853515625,0.8314395625899589,58.333333333333336,8.314636598295655,54.18100787010181,56.95148212774585,-14.525801192726048,615.2306878298187,626.7627460739151,625.8646994850852,626.2479213901333,626.2126946960205,613.2833581819871,627.2811958468029,616.5635217827864,619.4071249963303,630.0928901433945,617.0768969655529,626.2824462890625,616.7767222645812,629.5084217563749,626.2824462890625,613.4511878476909,620.1003028511527,624.8540967653324,53.53640532403578,1,0,8.753047517293442,1,0.2413373835948462,20.09833263843643,25.851448963867988,35.59964080130635,57.68047797647474,4.840426762144316,19256779.761074897,2401792.449807534,0.2974018599605116,393360.4754182929,52.8145836888957,31556500.0,2.0,125540781.59369203,18.239999771118164,116.18000030517578,20.809999465942383,1000936086.5937716,0.0007041646518861,2.121583758513343,1,0,-40,0.5698924731182796
108,108,PNC,180.84833159239145,182.7206184687344,178.12320759599504,178.80938720703125,1020400,0.0,0,0,0,0,0,0,0,0,0,0,0,0,0,0,0,0,0,0,0,0,0,0,0,0,0,0,0,0,0,0,0,0,0,0,0,0,0,0,0,0,0,0,0,0,0,0,0,0,0,0,0,0,0,0,0,0,0,0,0,0,0,184.20615800282937,159.4236501655908,11.949770984050208,13.095839770013416,-14.285714285714286,15.927839829722142,-1.4493334770599413,57.48087884640066,65.5691545072632,-0.0976378896981766,45.17363932550222,-1.121276816292351,-1.1062501277803765,-0.0150266885119745,4.597410872739374,182.20366200602675,180.39153137207032,178.5794007381139,-1.5667607959519785,-2.6454425713954777,-0.020374005869954,-0.4434984041670585,-25.356843461037176,-0.932211865526272,-9.262691002776554,-4.549132509653196,-0.0325799214058121,48.55733882321255,-0.9998626708984376,-0.3626598440518414,50.0,-0.5560685401764576,45.368654498611726,46.45778313315246,-61.04228344641331,178.31092333592977,179.57177128139753,179.92635359330612,179.92942351227873,180.8002502749653,181.3199424669204,180.21063159480792,182.58585926598377,180.8430348277528,179.9409256875515,179.91133409753792,179.7563242594401,179.8101198193608,179.78277001734773,179.7563242594401,180.69029115697657,178.86490473930957,180.1241441124361,55.4588658484242,0,1,-0.0098002091694439,-1,0.2083996059091809,4.363389831220167,24.974858544770548,7.812657462063044,46.44823428485893,3.961009132356447,29466840.876926363,-181941.2574236393,0.0068906255519335,-560348.106094027,44.1916266239283,22374100.0,3.0,126554662.75281996,18.239999771118164,116.18000030517578,20.809999465942383,184537637.55687624,-0.0063553612572571,1.715073070108007,0,1,-40,0.5698924731182796
109,109,SHW,287.1903439640168,289.3229640353572,286.52574482892607,288.67822265625,1219300,0.0,0,0,0,0,0,0,0,0,0,0,0,0,0,0,0,0,0,0,0,0,0,0,0,0,0,0,0,0,0,0,0,0,0,0,0,0,0,0,0,0,0,0,0,0,0,0,0,0,0,0,100,0,0,0,0,0,0,0,0,0,0,276.68433964981455,251.21950757219744,8.638174576684845,10.805970973193595,100.0,9.665296438837736,1.9287183623776631,91.01407649362136,89.10850594900207,0.1398004369832062,71.55308024386404,3.525307839333834,2.443307686526799,1.082000152807035,2.797219206431123,289.6125978610413,285.90284423828126,282.1930906155212,10.176968179047549,5.343328035794798,0.0420078743543552,0.531913512109601,146.09040573252807,0.0831473221627059,43.82590340652406,7.898034841715579,0.9315246211062446,62.97741819190444,8.550323486328125,1.6979388185805735,66.66666666666667,3.052292724739148,71.91295170326202,80.00141121139451,-3.932217971874468,280.01269970898807,287.44145030620655,284.7529357910156,286.55212381002787,287.8238952020561,292.8190396733031,286.2343958447792,282.8690766662787,280.0746703970775,282.9068318605423,281.2197861968807,282.9502268473308,282.3251687682696,288.41347938136505,282.9502268473307,277.61970704190423,282.9964249265076,287.64633881173376,49.12028140930633,1,0,1.55533156173218,1,0.4347394724711777,4.23795996135117,25.026403086975424,4.245420530348952,65.4789881480268,0.2593087058201905,-4355711.086254474,1793278.7668084474,0.4143211579464844,1193227.2614593152,74.10167776183023,54551300.0,1.0,69955898.8967582,18.239999771118164,116.18000030517578,20.809999465942383,350171186.39532566,0.0014528082379503,1.525340354584945,1,0,-40,0.5698924731182796
110,110,PGR,93.99000469496308,94.33389301784116,93.19414029492734,93.4987335205078,2355100,0.0,0,0,0,0,0,0,0,0,0,0,0,0,0,0,0,0,0,0,0,0,0,0,0,0,0,0,0,0,0,0,0,0,0,0,0,0,0,0,0,0,0,0,0,0,0,0,0,0,0,0,-100,0,0,0,0,0,0,0,0,0,0,94.72587809923404,91.8253796794441,21.95504691213076,21.414110072068965,-21.42857142857143,12.622720157542902,-1.8281824148798973,60.84359329497414,66.08316618165428,-0.0837101209612223,56.4946765847052,-0.5957564990821709,-0.5607561552461228,-0.0350003438360481,1.139752722913812,94.62544154953495,93.53016815185546,92.43489475417596,-0.5441427416473203,-1.7355172083928068,-0.0150904893992495,-0.4310331219909951,14.32403224936199,-0.3549536167328739,-7.030345545252695,-7.058747441996184,0.1374657340674896,35.25746759059629,-1.0021896362304688,-0.0438518533466833,33.333333333333336,-1.060507773631214,46.48482722737366,40.78842724918389,-44.67653125663173,92.56660881245126,93.1809274006443,93.275244140625,93.50628763478952,93.8268472305302,94.70607517745272,93.33763220949476,94.39424478039668,93.8877858057631,92.97416046261787,93.24547356969988,93.00254287719729,93.4473510042564,93.3147647298442,93.00254287719729,95.07378881624172,92.93275456576944,93.6557301645389,42.58449302134399,0,1,-0.0363550807535899,1,0.2705058106441821,1.8485511885526027,25.062127162885147,1.886486412346756,40.91358571320374,4.677889416815725,26197798.32402165,-35810.04168168455,0.0371561950987999,-669697.790426884,35.754132160697466,69612200.0,3.0,22081056.84821133,18.239999771118164,116.18000030517578,20.809999465942383,221355860.0571076,0.0072654842281492,1.279284681781136,1,0,-40,0.5698924731182796
111,111,CSX,31.662043865880783,31.97836746128291,31.662043865880783,31.948713302612305,7802700,0.0,0,0,100,0,0,0,0,0,0,100,0,100,0,0,0,0,0,0,0,0,0,0,0,0,0,0,0,0,0,0,0,0,0,0,0,0,0,0,100,100,0,0,0,0,0,0,0,0,0,0,0,0,0,0,0,0,0,0,0,0,0,31.976800276278794,30.610623539520265,15.352281317701028,16.87728216769474,21.42857142857143,0.6351158656883711,0.0906362960207496,21.810801918079,32.34670714826328,-0.0228320194001985,51.18682374068495,0.0216888716359662,-0.0621549786542455,0.0838438502902117,0.3163235954021246,32.602131493400336,31.946736907958982,31.291342322517632,0.3575403280255926,0.0286414806659394,0.0110207185696322,0.9062537252938448,34.06676605094348,-0.4957397083783552,4.4850796516195945,2.1577784533877016,0.551652214486895,57.50068152899186,0.8006954193115234,0.5835756189134249,66.66666666666667,2.5706143559805605,52.2425398258098,56.81184858982776,-36.1217255075037,31.27265173924712,31.916881868548845,31.88239423578436,31.867628417648632,31.937111440330664,32.12091236075083,31.94336613291264,31.851094671105447,31.668967265876542,32.16574385762215,31.593537091650543,31.923013496398923,31.62404374954789,31.983547054457457,31.923013496398926,31.887769628769103,31.666809367946207,31.81538947105223,44.36150864836943,1,0,0.0326212784662883,-1,0.2016807858152011,0.6127018661453831,25.83704467833486,0.405291233772999,64.80116648289162,3.549767153665296,-251394345.3564832,-4931281.990005136,-0.085345890792057,184098.66828865005,49.4459665791736,259527500.0,1.0,318464101.37515324,18.239999771118164,116.18000030517578,20.809999465942383,247049429.672308,-0.0015587423293903,1.354883353388895,0,1,-40,0.5698924731182796
112,112,VRTX,201.5399932861328,203.4600067138672,197.3099975585937,201.5800018310547,2132900,0.0,0,0,0,0,0,0,0,0,0,0,0,0,0,0,0,100,0,0,0,0,0,0,0,0,0,100,100,100,0,0,0,0,0,0,0,0,0,100,0,0,0,0,0,0,0,0,0,0,0,0,0,100,0,0,0,0,0,0,0,0,0,200.8254000854492,215.5775001525879,14.014292035319883,13.525209001330738,42.85714285714286,10.974030979084796,0.4187864153866396,60.57061800727524,68.65644994723645,0.0040616842839291,55.54683502591208,0.3164416756010553,-0.2688259014335098,0.5852675770345651,6.1500091552734375,203.99225372975184,201.1960021972656,198.3997506647794,4.6725011040182665,0.8330128987630303,0.0134172772812557,0.0065054447744307,50.45314877661824,-0.520554801161345,7.710807606457036,1.4125759111958067,0.3362500358150955,40.02756997342643,-0.6999969482421875,0.5057749774172584,41.66666666666666,-0.3460534667127146,53.85540380322852,57.1001076644749,-30.00002774325284,197.32957287110327,201.2503537254829,200.33454811789773,201.07860442475004,202.41805419921127,205.26956880753227,201.0553682811885,198.70029964827617,199.2732462642805,199.5172077715397,199.2013461440154,199.4280019124349,199.7049710215421,201.6736070447461,199.4280019124349,200.7326513471864,199.3176193165156,201.96222335573708,65.63476193531696,1,0,0.2800033569335937,1,0.3122199577477657,4.25546209533876,24.75970556496565,13.419998168945312,43.30034304382999,1.7630131717519149,-37632602.679577135,630111.9004026651,0.0967588703903409,530569.943014708,68.27576178913127,-22220800.0,1.0,-503149849.1720753,18.239999771118164,116.18000030517578,20.809999465942383,429864651.6799927,-0.0058698883563612,0.7313833468999013,0,1,-40,0.5698924731182796
113,113,PXD,134.6122210574015,135.04726136136128,132.631404957491,134.5566864013672,1712300,0.0,0,0,0,0,0,0,0,0,0,0,0,0,0,0,0,100,0,0,0,0,0,0,0,0,0,0,0,-100,0,0,0,0,0,0,0,0,0,100,0,0,0,0,0,0,0,0,0,0,0,0,0,-100,0,0,0,0,0,0,0,0,0,144.64681364343468,124.75763067741444,23.218192267409272,18.143578771846087,-21.42857142857143,16.743316785318836,-5.970484573769729,73.66262566423177,69.7876009239676,-0.432347230511565,52.4312878393037,-3.632457045051893,-3.801661863572304,0.1692048185204107,3.498844065946514,136.7758370960013,134.16978759765624,131.56373809931117,-9.486294410472766,-8.421594081780853,-0.0460610988186558,-0.0229875649667574,-2.8290318191496264,-0.5377923197477515,-13.837034374259972,-16.520792209224442,0.4230990825851551,43.82597127447443,4.1004638671875,0.0948348757698884,41.66666666666666,3.143172312929088,43.081482812870014,40.075881061726015,-55.23073186264533,130.78041382854457,132.6789184133667,133.6061700994318,134.3729287527658,135.10456690933037,126.02725360801044,133.85064769836137,132.9407205336146,135.74551278029696,132.84045496582985,132.81432913834183,132.77796834309896,131.72737860996926,134.11100313669624,132.77796834309896,139.58896297357023,131.76376576097664,134.40056090567904,38.3901498613382,0,1,0.5849894784254218,1,0.415475109593543,4.43224758487014,25.03396912645368,6.294206117742249,47.5766538485531,11.893407983777378,8884144.509015527,1161909.7273067366,-0.0190204974465811,-493320.39492233016,40.50063958569169,11786900.0,3.0,147641839.69744113,18.239999771118164,116.18000030517578,20.809999465942383,230496506.11658865,-0.0122258292839393,1.5681052259169734,0,1,-40,0.5698924731182796
114,114,D,73.02574067131536,73.6931305964638,72.23261371681481,72.41638946533203,3339000,0.0,0,0,0,0,0,0,0,0,0,0,0,0,0,0,0,0,0,0,0,0,0,0,0,0,0,0,0,0,0,0,0,0,0,0,0,0,0,0,0,0,0,0,0,0,0,0,0,0,0,0,0,0,0,0,0,0,0,0,0,0,0,73.26871038594129,72.83029753885826,12.394484627100862,14.368816064592318,21.42857142857143,5.09137548605907,0.5285993521212066,33.06271058928126,49.30859896379332,-0.0103277836652981,50.22583598160592,-0.0563321709837794,-0.0739354032539885,0.0176032322702091,1.460516879648992,74.45167346022056,73.13020172119141,71.80872998216226,0.1221812737161656,0.3845348358154297,-0.0045308515896103,-0.4172161338729452,-32.72608698863129,-0.9405904763088708,-7.0172824980496245,0.3319973170987226,-0.3343162790057998,40.87983667214005,-2.214950561523437,-0.5052238059564018,33.333333333333336,-2.967855810610398,46.49135875097519,51.04044044349592,-81.2967970148343,72.74970271327965,72.9587603070288,72.94801164106889,72.88694827206486,73.27642907036078,73.26330602413029,73.16003397744643,73.32096400478416,72.94959662350357,72.8860401660204,73.06297176686645,72.90967381795247,73.05430600354629,72.90340521402749,72.90967381795247,73.45599635228574,72.94667150500695,73.14265904388034,61.11741264329728,0,1,-0.2862995185611311,-1,0.2033426245046991,1.2701662284097073,25.617359229315355,2.321357531413355,33.71433855238287,2.134883212888922,-93792098.7710262,-491117.9098266363,0.0797032804146001,-263885.29273992905,43.07144926609144,-18884100.0,3.0,-311141871.84997034,18.239999771118164,116.18000030517578,20.809999465942383,243832948.101522,-0.0026419762992305,0.9136705906855274,0,1,-40,0.5698924731182796
115,115,SLB,28.891625955578263,29.098415831789723,28.21217001708252,28.389419555664062,9241600,0.0,0,0,0,0,0,0,0,0,0,0,0,0,0,0,0,0,0,0,0,0,0,0,0,0,0,0,0,0,0,0,0,0,0,0,0,0,0,0,-100,0,0,0,0,0,0,0,0,0,0,0,0,0,0,0,0,0,0,0,0,0,0,31.42061326905184,25.58376518317636,21.26880597440411,19.413657252208843,-35.714285714285715,15.205020522256854,-5.685267687889695,62.75213630767183,76.53254216052376,-0.5153992257961648,51.23544181701705,-0.7920514145433728,-0.9428583979288304,0.1508069833854575,0.9748684045483422,29.378461689781066,28.83844985961914,28.298438029457216,-1.735651815480022,-1.6904323651240425,-0.0452061081667872,-0.5666671611646681,19.84442756116087,-2.7301770685171265,-14.200849658699155,-12.436085914856353,0.6745457103240512,49.78184745805658,0.9453296661376952,0.1034781975965074,50.0,3.444565551064116,42.899575170650415,47.39765441694261,-47.29239659176108,27.28708650425335,28.351794197896908,28.485741528597742,28.652469048133263,29.20004043579385,26.816968920752085,28.74298968902285,28.363680429091698,28.724811470419805,28.348067358136177,28.00349375614508,28.244336128234863,27.67969372221592,28.78141409254355,28.244336128234863,29.79040597189073,27.87698586119697,28.809267663385903,41.92418240029468,0,1,0.0659753588879278,-1,0.4077905925320752,1.1147060999797251,24.300574814387243,1.5656976955528068,53.55663744583968,11.916855213308631,-85265590.3694229,2947888.194502428,-0.0414827215641869,-785296.6953479593,40.69203446552423,191809100.0,3.0,1189689036.5616007,18.239999771118164,116.18000030517578,20.809999465942383,267004850.4310721,-0.0174145430764606,1.5675639290936985,0,1,-40,0.5698924731182796
116,116,CL,79.13891520374015,79.66965400708735,77.86121734252798,78.13641357421875,9513700,0.0,0,0,0,0,0,0,0,0,0,0,0,0,0,0,0,0,0,0,0,0,0,0,0,0,0,0,0,0,0,0,0,0,0,0,0,0,0,0,0,0,0,0,0,0,0,0,0,0,0,0,0,0,0,0,0,0,0,0,0,0,0,81.10232372202829,79.07882325512458,18.76225847261797,17.30359293009041,-57.142857142857146,29.77871150354503,0.882355148734353,42.771920151306176,61.27154826728923,0.0581033812789621,41.28284400489572,0.1239434264027607,0.2978895657731242,-0.1739461393703634,4.22623840698374,84.77765856672025,81.42698516845704,78.07631177019383,0.9013648378422516,0.7126880058875429,-0.0326192351870786,-0.5543471049707281,-253.93885832857148,-3.5633758974274854,-28.37769222811038,1.2767004647239069,-0.3276964177340599,45.18341629973611,-4.36163330078125,-3.0194070549313503,41.66666666666666,-5.286953407987882,35.811153885944805,52.31437672505046,-94.96405289637916,81.25167223938357,80.89549440376148,81.19235284978693,80.52150086089448,81.39698385373512,82.16629094522592,79.92512318673576,81.07080183426521,80.96830943837661,81.82756046950817,81.60129408629734,81.6265037536621,81.76691108015228,80.42078443359445,81.6265037536621,80.66337822777183,81.04161687045321,80.71829902145515,49.73512942360894,0,1,-0.1059325661160128,-1,0.2676812855198839,1.324299378331267,25.66952524663647,5.562912245368892,38.91791594005263,1.7983679769744798,-62915594.02440071,-1481517.7638806105,-0.0139693915034238,-4962425.367003391,42.822260932457056,114662400.0,3.0,11029507.380752392,18.239999771118164,116.18000030517578,20.809999465942383,752903897.5738227,-0.0354576341202595,1.1212118849027948,0,1,-40,0.5698924731182796
117,117,TFC,53.28657603315551,54.021695078958366,52.54178228066791,52.6481819152832,5808400,0.0,0,0,0,0,0,0,0,0,0,0,0,0,0,0,0,0,0,0,0,0,0,0,0,0,0,0,0,0,0,0,0,0,0,100,0,0,0,0,0,0,0,0,0,0,0,0,0,0,0,0,0,0,0,0,0,0,0,0,0,0,0,54.94388390894898,51.34022752915148,15.32839110283979,17.694305891068094,-14.285714285714286,14.588252467185542,-0.4460982567250315,56.9102523241041,64.03796105497125,-0.1442490429037657,44.03165433531436,-0.3719907043912158,-0.5564538563037946,0.1844631519125787,1.4799127982904563,53.70209530064643,53.13761444091797,52.57313358118952,-0.0247227542460777,-0.2366699072030869,-0.0076363129683165,-0.4313727934576684,31.32795312790473,-1.0370037607684677,-7.217256493067103,-0.2292218417829133,0.2237291392870718,59.81440645562834,0.0386962890625,-0.1119387313292733,66.66666666666667,0.0735538251360745,46.39137175346645,52.51014036920978,-41.41873141377104,52.33362208442296,52.99106362687352,52.98232428810813,53.00917832167832,53.33933259212881,53.76166898233231,53.14228741322136,53.34624146492906,52.98824809367533,52.94062405824661,52.7386623150197,52.88967170715332,52.624622391214245,53.15713785675666,52.88967170715332,54.12087519833597,52.55717957870352,53.144530360476445,62.597985869828456,0,1,-0.0183778811789558,-1,0.1866788393885119,1.4395288952366998,25.00229453788556,2.543896278072623,63.71067352362018,3.095896211815872,62095642.712372646,-900037.7725964412,-0.0600742443701814,-510561.897261857,45.87060478909776,132377800.0,3.0,299676400.7839611,18.239999771118164,116.18000030517578,20.809999465942383,309509748.23098046,-0.0082807100260926,1.4916127122760092,0,1,-40,0.5698924731182796
118,118,REGN,581.4199829101562,583.280029296875,572.9099731445312,574.6099853515625,775600,0.0,0,0,0,0,0,0,0,0,0,0,0,0,0,0,0,0,0,0,0,0,0,0,0,0,0,0,0,0,0,0,0,0,0,0,0,0,0,0,-100,0,0,0,0,0,0,0,0,0,0,0,0,0,0,0,0,0,0,0,0,0,0,545.8232000732422,516.3333497619628,38.02926203226771,39.87983407395852,-14.285714285714286,12.746174675018516,1.446139702949608,55.25697115978383,54.36656667048143,0.3183336387601931,51.14856340678553,9.22924427857913,12.19673402615764,-2.967489747578508,10.37005615234375,588.7931993752479,580.5880004882813,572.3828016013147,16.58796512379365,8.321404872796393,-0.0014110282691456,-0.6566982336980512,-107.01218104371836,-0.7831033018060183,5.764745338643375,1.2662325124677998,-0.6088216841221294,60.62475353486751,-8.6300048828125,-0.6507308936890526,50.0,-1.4796661798421096,52.88237266932169,49.761831370593626,-68.47115646476459,585.5417701004975,582.6645590348027,581.9898126775569,580.0856570797366,580.5498661542446,590.0092616668873,582.1028389474844,573.8392461065806,573.8242455167853,583.2050580978394,584.0401669557384,583.4393290201823,589.1020433868357,578.5736660425322,583.4393290201823,558.2460749879787,582.8883904199685,580.5409157332548,62.87671818225108,0,1,-0.101007080078125,-1,0.3641257145844301,12.318368193376232,24.79278935808969,15.64013671875,54.6211897568216,1.1766852069375335,-15159836.843138693,-49301.199250821024,0.0874132088995407,-640727.5342436559,49.34015198278688,4941700.0,3.0,32955992.02436829,18.239999771118164,116.18000030517578,20.809999465942383,450949338.7451172,-0.0122320211116814,0.9362640626572568,0,1,-40,0.5698924731182796
119,119,WM,143.86930147957858,146.34046513077843,143.86930147957858,145.96633911132812,1388200,0.0,0,0,100,0,0,0,0,0,0,100,0,0,0,0,0,0,0,0,100,0,0,0,0,0,0,0,0,0,0,0,0,0,0,0,0,0,0,0,100,0,0,0,0,0,0,0,0,0,0,0,0,0,0,0,0,0,0,0,0,0,0,139.5147082899265,123.7581071222156,25.23675777188912,22.82841604575089,71.42857142857143,34.91291168813523,1.6201916191818135,37.40273837316932,41.21562575133176,0.1616097467635358,48.55697720059767,1.6541912511622456,1.4954188899493368,0.1587723612129088,2.4711636511998734,146.2008816448318,144.4875915527344,142.77430146063696,4.47831231213695,2.2890984950921336,0.0331291546338892,0.848603301012188,120.66459209320558,0.6089793244512173,35.82229504735859,4.87113595020743,0.6963730513330566,70.52886212705363,2.42193603515625,1.6348839887694542,75.0,1.687238222636278,67.91114752367929,65.75704662667371,-21.863087816742063,142.6530843248152,145.061695989857,144.15481761585582,144.6769611918843,144.76520236236874,146.59673917130823,144.5114229118593,142.18767638254147,142.38459228075726,143.87989887595177,143.22157851661302,143.72063954671225,143.86609766179834,145.14214832410224,143.72063954671225,139.7991353177148,143.57249441426842,144.82753232338828,48.56743410648658,1,0,-0.0265812395099459,1,0.4113185664571605,1.8102860647156764,26.067619694546742,2.924062531891934,76.3437108836107,0.6146108350419123,4066247.23975621,-685740.7866529394,0.0053221168384979,508658.5209720329,63.91593260088014,78558500.0,1.0,76290604.91642363,18.239999771118164,116.18000030517578,20.809999465942383,199719364.313951,-0.0035458429267848,1.3888033264806237,0,1,-40,0.5698924731182796
120,120,FISV,113.95999908447266,115.37999725341795,113.5999984741211,115.11000061035156,3441800,0.0,0,0,0,0,0,0,0,0,0,0,0,0,0,0,0,0,0,0,0,0,0,0,0,0,0,0,0,0,0,0,0,0,0,0,0,0,0,0,100,0,0,0,0,0,0,0,0,0,0,0,0,0,0,0,0,0,0,0,0,0,0,110.93859985351564,113.14550010681153,22.19160971635602,25.61791239091398,42.85714285714286,22.164994852634937,1.4743479828359265,64.65889118597613,67.71854281858602,0.0694207606397823,56.79890038517013,1.076474937722821,0.3220702551941268,0.7544046825286945,1.779998779296875,116.56863707657529,113.9020004272461,111.2353637779169,4.325881509219897,1.6210909623366092,0.0469011372408998,0.6460687160320263,117.10504987060312,-0.3484594608873554,26.621340582125104,7.428888198554736,0.7942148286439463,67.71908280018363,3.910003662109375,1.9218749408204865,75.0,3.516190440121392,63.31067029106256,66.97179462463576,-17.260273209042683,109.24769655179423,114.3860106960052,113.0361824729226,114.13370689978969,115.33682906796412,114.80811413215116,114.52977047014664,110.85503658311202,111.1313112087316,111.88794986903667,110.93467935596266,111.82800064086912,111.30490451679816,115.1905000932563,111.82800064086912,112.1337601569502,111.8267910172408,115.05817716283588,41.25804745421773,1,0,0.2050003051757812,1,0.2838111111195825,2.1181045549067865,25.715531060938364,2.909996032714844,71.97471169786502,1.3113280670093443,-66521719.179765806,554726.0697760805,0.0626522217384112,2968503.7674901723,71.98513121900625,-32349700.0,1.0,-89090205.49152157,18.239999771118164,116.18000030517578,20.809999465942383,392227524.848938,-0.0032362699261457,1.0827553357194593,0,1,-40,0.5698924731182796
121,121,OXY,26.377904691792104,26.676409075589586,25.79084442552508,25.969947814941406,15123300,0.0,0,0,0,0,0,0,0,0,0,0,0,0,0,0,0,0,0,0,0,0,0,0,0,0,0,0,0,0,0,0,0,0,0,0,0,0,0,0,0,0,0,0,0,0,0,0,0,0,0,0,0,0,0,0,0,0,0,0,0,0,0,28.328334702219475,22.8040692949597,21.45518054945212,24.02607962694957,-21.42857142857143,17.21452472613129,-8.213615548122482,41.1306972444027,47.00776967926081,-0.3965623820349595,42.77546921618151,-0.7750253345326179,-0.6319874789986171,-0.1430378555340008,0.8855646500645058,27.27171504591109,26.49929542541504,25.726875804918983,-2.25863000307912,-2.35429987540612,-0.0939677252459761,-0.4606743017813338,-47.693655969186665,-2.174537186510101,-17.52389817379164,-21.947838422849024,0.2223546540197806,39.33716368191458,0.1592063903808593,-0.4894826864899229,33.333333333333336,0.6168222282423974,41.23805091310418,38.48984899301716,-67.31048544146557,26.01282287849009,26.006337467086336,26.44574536410245,26.35570708855049,26.54226221604955,24.106794705841224,26.50828355605834,26.781938039305125,26.89157542825114,26.64008608832956,26.43619861973012,26.501948483785,26.25455767800817,26.14993850060479,26.501948483785,27.45448570699661,26.096712113768024,26.278522127512964,39.48627130537584,0,1,0.1074622165133483,-1,0.3627801670246454,1.3165437681774874,24.43049876813167,1.6318245857342577,37.62560943089674,16.093195043325842,-407810051.6590916,-3976986.8285499215,-0.0908226436392447,-3117384.64887192,43.36710833752438,431577900.0,3.0,4620129549.593438,18.239999771118164,116.18000030517578,20.809999465942383,398920966.02537954,-0.0289375869436111,1.4900863665237687,0,1,-40,0.5698924731182796
122,122,ITW,220.1493280131797,223.62236554548,217.9258015374575,223.0123748779297,1558800,0.0,0,0,0,0,0,0,0,0,0,0,0,0,0,0,0,0,0,0,0,0,0,0,0,0,0,0,0,0,100,0,0,0,0,0,0,0,0,0,0,0,0,0,0,0,0,0,0,0,0,0,0,0,0,0,0,0,0,0,0,0,0,224.03947792356144,210.60171513288984,13.650041467976582,16.188572485093204,-71.42857142857143,26.490633833240345,0.673180269925505,59.582621109317664,48.93276668539813,0.0180206240137259,55.29805464057125,0.2001758989015911,0.1684876260164125,0.0316882728851786,6.788660742815949,225.1969353451055,223.4610198974609,221.7251044498164,0.6948260465455292,1.4972069569122937,0.0027172931834504,0.5025918888505272,-134.56225457274607,0.0393127308842361,-1.3893187604830588,0.9031416552670158,-0.3542911868109337,57.868455151570885,-1.6922454833984375,-0.3040849150061486,50.0,-0.7530977692747465,49.30534061975847,51.08878012081417,-46.86535348576507,224.14481245099103,223.6886554011316,223.5790832519532,223.4597936243444,223.26399608569707,226.88104591201505,223.49545870661152,222.4348695119263,223.24164036418605,223.5367486178875,223.993908973724,223.6768152872721,224.23501807974048,223.4164354958538,223.6768152872721,222.7956587093257,223.5134625184893,223.46346872811617,61.59573953054084,0,1,0.1318373891088526,1,0.2173307027524648,3.43330114702188,24.851696522442595,13.095215418388818,54.58731694313397,0.94969468247326,-11150214.825569784,861306.3698762394,0.2040397916065072,-151906.2023155503,43.86084715967045,9820300.0,3.0,12701376.320150826,18.239999771118164,116.18000030517578,20.809999465942383,343168772.50694454,-0.0164396172698468,1.352593298283514,0,1,-40,0.5698924731182796
123,123,FIS,146.45006963651647,147.58138505531426,146.0860888985939,146.6271514892578,1595900,0.0,0,0,0,0,0,0,0,0,0,0,0,0,0,0,0,100,0,0,0,0,0,0,0,0,0,0,0,100,100,0,0,0,0,0,0,0,0,100,0,0,0,0,0,0,0,0,100,0,0,0,0,100,0,0,0,0,0,0,0,0,0,144.18138693100852,140.0733297133421,15.736570021797904,16.857250847672567,50.0,12.234588368143196,1.0493168486647495,46.27740722402999,63.30980241173234,0.0630664046385565,54.32400485749168,0.9365513094046491,0.5116605167082855,0.4248907926963636,1.495296156720343,148.6039908250092,146.90653076171876,145.20907069842832,3.49096474002468,1.508032383062897,0.0202588635192442,0.1184259398684837,60.41424634396794,-0.9254153703173562,11.142270553682758,4.539219137819273,0.5285530300343306,66.24634250455205,0.5017242431640625,0.5978321425476661,58.333333333333336,0.343351771570255,55.571135276841375,60.48837632689419,-29.88605825087233,142.81379593337192,147.00477117706458,146.13956687233664,146.64888587364783,147.8610627299311,148.15400637260942,147.3254366961524,144.74372866817413,144.73115556268752,145.8922019302845,144.84351779701927,145.4984629313151,145.1672620241285,147.3655875499327,145.4984629313151,144.67783164175478,145.18976564815517,147.31724360801158,50.23268678449861,0,1,-0.0639397670662702,-1,0.2326589674820053,2.5465458506437133,25.66276749739408,3.561148954065686,55.61025919546368,1.5855198614910069,-18782475.19368945,464530.2623801902,0.1224139670716313,599093.7719524135,73.12320312876078,43800.0,4.0,-30002744.99766123,18.239999771118164,116.18000030517578,20.809999465942383,233719666.13291663,-0.0054779212125988,1.0884683202478276,0,1,-40,0.5698924731182796
124,124,GD,194.49206656222216,194.51173629038684,191.67989557893384,192.7516632080078,907500,0.0,0,0,0,0,0,0,0,0,0,-100,0,0,0,0,0,0,0,0,0,0,0,0,0,0,0,0,0,0,100,0,0,0,0,0,0,0,0,0,0,0,0,0,0,0,0,0,0,0,0,0,0,0,0,0,0,0,0,0,0,0,0,186.42212085992605,164.83726705474834,12.855588327070205,11.162536515472649,50.0,29.025093595100486,1.03949380758956,64.64209344376353,69.4204209746195,0.0860507006089417,51.478961468699325,1.896339019453109,1.062444733208982,0.8338942862441265,3.1465051779021,195.9432419257317,191.86672668457032,187.7902114434089,5.664965207097765,1.940945943196624,0.0323016002049212,-0.6145837748484667,119.60860397887424,-0.5020834059543331,22.18161578512581,5.597031950852972,0.8625607563008054,59.95783665781966,6.637115478515625,1.5231248063607234,58.333333333333336,3.566145451543279,61.09080789256291,67.51786802007835,-22.672154436216847,186.39398883842333,192.67592226800767,190.9002549604936,192.3268020736588,193.89779068144205,192.8982195738681,193.6556965955571,187.081910827697,188.21934716404127,189.1172198355198,187.84825557361088,189.2879201253255,188.4272730050053,193.7505108275948,189.2879201253255,184.3883789685348,189.36823043259312,193.45708882589085,36.664022252483385,0,1,0.1229110783706204,1,0.2966236880773319,3.133619007728356,25.59344588659151,4.257612263305418,62.3375831965306,0.965683030094986,-4096159.101954075,284533.40201938245,0.1091863161226768,646151.8806971459,66.05362195973503,31178700.0,4.0,35099926.25905877,18.239999771118164,116.18000030517578,20.809999465942383,176501550.4052166,0.0024833069870155,1.3506595475653531,1,0,-40,0.5698924731182796
125,125,AMZN,167.3975067138672,168.40699768066406,165.3489990234375,166.37950134277344,199312000,0.0,0,0,0,0,0,0,0,0,0,0,0,0,0,0,0,0,0,0,0,0,0,0,0,0,0,0,0,0,0,0,0,0,0,0,0,0,0,0,0,0,0,0,0,0,0,0,0,0,0,0,0,0,0,0,0,0,0,0,0,0,0,172.53639953613282,163.65884490966798,17.85140667239021,22.019423344735184,-92.85714285714286,36.08868517694627,0.264286926251919,19.0595753225982,37.58034037685065,0.2071098206273491,38.47252559351693,0.9173271777739842,2.495104522854892,-1.5777773450809076,14.647003173828123,191.73207657878683,178.84040222167968,165.94872786457253,1.6443945043227188,0.4732711009490344,-0.0708934707183005,-0.332899221092865,-295.4757751399425,-6.005161501461112,-34.37834159697372,-4.519890862824719,-0.2595738585416034,48.05634082146595,-12.302001953125,-3.971141721406336,50.0,-6.884877128413658,32.810829201513144,42.397571579358384,-95.5781936559339,179.62514820035076,176.74736677701432,178.7166201504794,175.48376102047365,178.0311439899477,179.36214345769142,172.72887469310106,179.772340300608,177.65486988539428,182.45304104685783,180.6467865421764,181.1832346598308,182.3577219464624,174.20485977784452,181.1832346598308,175.7293454779026,177.1956338763901,175.51416052924725,35.4712304584699,0,1,0.0101531982421875,-1,0.326575121900776,4.193041346581789,25.989895575172024,17.696487426757812,44.2834255512342,3.982848031571944,-273183028.7083632,467024.36792591214,0.08051445550585,-410098544.011509,26.12504982024896,1225914000.0,3.0,1397187407.7543724,18.239999771118164,116.18000030517578,20.809999465942383,33364331858.154297,-0.0771276436896141,1.285942022581016,0,1,-40,0.5698924731182796
126,126,EQIX,778.2384355339101,816.394677305505,778.2384355339101,807.2147216796875,676400,0.0,0,0,0,0,0,0,0,0,0,100,0,0,0,0,0,0,0,0,0,0,0,0,0,0,0,0,0,0,0,0,0,0,0,0,0,0,0,0,0,0,0,0,0,0,0,0,0,0,0,0,0,0,0,0,0,0,0,0,0,0,0,785.6428522815212,717.2702984192053,29.326006491686627,33.715536957762495,-64.28571428571429,26.126962900896626,1.082912810021721,47.39927871323111,61.7364614131996,0.1557764382344784,50.78884144463813,5.621978118605512,9.45577559399634,-3.833797475390828,42.662560606286206,848.2322489554526,809.6529296875,771.0736104195473,7.325686447663202,8.71457809056983,0.0030814497961462,0.7594114304870715,-124.69222242922592,0.3846541018602107,2.719838081837034,0.1250344858397426,-0.3963071552384202,53.67018935904502,-10.8822021484375,-0.3851057569562878,50.0,-1.3301849489320117,51.35991904091852,47.22408466747539,-41.10563259651466,814.4204845885713,807.0660471529749,809.5203735351563,804.597069800317,804.9224076705359,799.3533373992381,795.9042184482581,806.8185209601869,805.2273489965933,816.8116813898087,815.1354457216364,814.2409525553385,817.9239440297129,801.8487589853967,814.2409525553385,792.3321186851963,808.0342321763981,804.5779610528606,55.54814435407922,1,0,0.2882926453366281,-1,0.2263625170694407,19.359740577530324,24.749150191590847,51.84251623210366,54.83374889974589,2.018269869792807,2699764.7172964085,-55353.6618829486,0.0762172016058577,-1857726.519214304,70.86285983871208,5903500.0,2.0,2967622.865514328,18.239999771118164,116.18000030517578,20.809999465942383,526400477.7951368,-0.0417484394876035,1.1586496306232597,0,1,-40,0.5698924731182796
127,127,NSC,251.4124458252184,253.4864322702977,250.74406431541584,253.42742919921875,1044700,0.0,0,0,0,0,0,0,0,0,0,0,0,100,0,0,0,0,0,0,100,0,0,0,0,0,0,0,0,0,100,0,0,0,0,0,0,0,0,0,100,0,0,0,0,0,0,0,0,0,0,0,0,0,0,0,0,0,0,0,0,0,0,264.2213506357364,249.57271702643865,27.70157048283746,27.377949857411608,35.714285714285715,34.406338228654974,-0.9206164350820932,24.122489712906127,36.90759721281743,-0.1344382732102578,41.00178753887132,-2.439583405177501,-2.42523162750249,-0.014351777675011,2.742367954881871,262.513674949297,255.3638214111328,248.21396787296865,-3.4415405947348745,-2.3772329672789,-0.0185671340051201,0.7347603994618447,-83.53591425303789,-0.4103600018143159,-13.583593086203468,-2.9558470735125764,-0.1103591851108389,53.41983007686727,-2.673583984375,-0.5152543803674403,50.0,-1.0439568165465871,43.20820345689827,46.56882125472097,-62.39914621060865,254.8764350179296,254.0276546653767,255.59328779740767,254.1300742409446,253.8003623731068,256.9578055718088,254.7210119931372,260.2263916055192,256.75697512950853,258.918703109026,256.3336591271011,257.2123733520508,255.75746710320584,253.69909590786813,257.2123733520508,263.05670915373383,255.2820640922482,253.20361917146928,55.623729637362175,1,0,-0.1395751204118966,-1,0.2213047613597224,5.001960119701903,25.47483569658298,3.7253517544903048,50.14056908850511,4.158844143394235,-23508065.153906297,-748126.9545756802,-0.1262881473215599,-1270383.670438864,54.16366977610485,20486100.0,1.0,33460081.895127352,18.239999771118164,116.18000030517578,20.809999465942383,262650582.15360564,-0.0071038251040818,1.4269145115627004,0,1,-40,0.5698924731182796
128,128,FCX,37.775489807128906,38.43978519078981,37.16077158482367,37.775489807128906,15910600,0.0,0,0,0,0,0,0,0,0,0,0,0,0,0,0,0,100,0,0,0,0,0,0,0,0,0,-100,-100,100,0,0,0,0,0,0,0,0,0,100,0,0,0,0,0,0,0,0,100,0,0,0,0,100,0,0,0,0,0,0,0,0,0,37.59564960005024,31.41360598647729,17.475688330086495,17.677314128644817,64.28571428571429,19.1331294054636,-1.5885364859020037,90.22053831863047,91.54375820901672,-0.2624274581815244,71.43335650237825,-0.0457493444664862,-0.6303370313595356,0.5845876868930493,1.279013605966142,38.63988037724391,36.93273468017578,35.22558898310766,0.9241824367500016,-0.5652585640931775,0.0615981365574107,0.0,137.49461869972052,-0.9122285754243202,17.643582543017285,4.375331643494341,0.9073760095824844,58.93088891986452,4.858257293701172,1.8853173087530144,58.333333333333336,14.759008952892284,58.82179127150864,64.83987721099005,-9.04186821021352,33.58716309530893,36.95875329648482,36.27781489979137,37.12520562018548,37.87846825339513,37.15871155157227,37.18333219395506,35.78076894679655,35.40285331267179,35.45635536313057,34.61360204151237,35.40023333231608,34.55066868834808,37.833723801902906,35.40023333231608,36.07497162194561,35.09258842881615,37.51586077205744,37.82675628198324,0,1,0.4957414167687015,1,0.3183582663302133,1.4443830289483592,24.55631740746457,2.924882833270175,57.93112375539529,6.750071535573133,511235646.6474824,31694833.810623467,0.2836961570159382,6853136.930122811,56.91887535697542,493221500.0,4.0,3479585650.05087,18.239999771118164,116.18000030517578,20.809999465942383,601030708.1253052,0.0162708049702162,3.582886288078619,1,0,-40,0.5698924731182796
129,129,ATVI,82.65866865292274,84.1498051616911,82.36043831744406,83.12589263916016,7055900,0.0,0,0,0,0,0,0,0,0,0,0,0,0,0,0,0,0,0,0,0,0,0,0,0,0,0,0,0,0,0,0,0,0,0,0,0,0,0,0,0,0,0,0,0,0,0,0,0,0,0,0,0,0,0,0,0,0,0,0,0,0,0,93.15368678005656,89.80519051483603,32.940840633500535,24.261664503460747,-71.42857142857143,65.75897514422421,-2.916808467048158,24.251373500615667,25.47493278495785,-0.2590108481375308,34.922716850791254,-2.385798999587493,-1.5419116019323629,-0.8438873976551302,1.7893668442470414,89.68811729556886,84.73632049560547,79.78452369564208,-5.886568103685207,-2.6472768539037475,-0.084106722259529,0.2611113465858479,-139.57334884466286,0.7435764400218481,-43.21333584338164,-13.736058255862572,-0.8353969473425533,44.72949776490621,-8.131668090820312,-2.8019053852624114,41.66666666666666,-8.910678770913993,28.39333207830917,25.070154928694183,-83.25200127899262,90.38743201499015,83.9451296520335,86.07545138272373,84.31372710541413,82.51205608483332,84.11532938093318,83.30003116417036,87.85051275881139,87.90727355102615,88.59758742153645,89.13627351798311,88.08740158081054,88.5220387062281,82.82479169286641,88.08740158081055,90.54452069594146,86.15959315913322,82.69174659742863,36.89924839931523,1,0,-0.788314213072668,-1,0.4018691947896784,2.2231304572901123,25.68707980991581,3.529028183122989,51.76864204359256,6.277455283890191,10964508.178362943,-13671937.936539982,-0.3183728562176598,-13999608.7648439,37.54151035697625,76196300.0,2.0,26630444.198472854,18.239999771118164,116.18000030517578,20.809999465942383,583231300.1481576,-0.0202663278606464,1.146598010819455,0,1,-40,0.5698924731182796
130,130,HCA,245.5725946784628,248.30625988943763,245.00598832217293,246.7257080078125,1283600,0.0,0,0,0,0,0,0,0,0,0,0,0,0,0,0,0,0,0,0,0,0,0,0,0,0,0,0,0,0,0,0,0,0,0,0,0,0,0,0,0,0,0,0,0,0,0,0,0,0,0,0,100,0,0,0,0,0,0,0,0,0,0,216.18802690752847,181.1123733489784,32.9638645847486,26.10516300833939,14.285714285714286,39.02350784256291,6.575538256326048,65.49516270705276,57.68534979998509,0.6195197047091261,58.58049125147371,10.054466166569284,8.60237352150381,1.4520926450654734,3.300271567264673,247.68720723924213,245.6282653808593,243.56932352247665,25.60320566343177,14.750321412697817,0.0998772748286673,0.3493995284471352,55.54126655632498,0.4711249655247635,46.23345668911523,27.75752179182927,0.7260926237330846,54.26510030371549,28.82774353027344,1.9489131247575084,58.333333333333336,13.22992786986086,73.11672834455761,79.81131191864881,-15.687748423653252,240.87596717353185,249.62794417505992,245.47084322842684,245.9282350340089,246.8553454929297,257.62050185244834,246.1115093487769,242.2313595206552,227.8260667171685,245.7416505217552,237.7586480665705,245.0023412068685,241.27430065364035,249.6722273717654,245.0023412068685,228.13743402345565,243.94241069715432,247.1997231125232,31.65917075853869,1,0,0.7365943200916888,1,0.5430745200561101,5.668201158806142,25.784403262341986,6.302325361091846,64.06732187880779,0.7665915137824969,9897617.69820055,347022.730803201,0.1493833092602623,6272171.604912854,65.33414323694502,57494900.0,1.0,284299806.3922011,18.239999771118164,116.18000030517578,20.809999465942383,315216982.5292748,-0.0005259868719693,2.369297510072634,0,1,-40,0.5698924731182796
131,131,EW,113.37999725341795,114.2300033569336,109.83000183105467,112.2699966430664,3518100,0.0,0,0,0,0,0,0,0,0,0,0,0,0,0,0,0,0,0,0,0,0,0,0,0,0,0,0,0,0,0,0,0,0,0,0,0,0,0,0,0,0,0,0,0,0,0,0,0,0,0,0,0,0,0,0,0,0,0,0,0,0,0,102.3118002319336,89.60255004882812,31.15962683662621,34.78820025484936,64.28571428571429,49.87467913573972,1.2752741495768456,82.57962812702227,87.83106404111588,0.283890000196596,67.2600488708868,2.347221051589329,2.1073362287953423,0.2398848227939871,4.400001525878906,113.000993948061,110.54799957275392,108.0950051974468,4.781117876838238,1.3620516459147185,0.0511717740029542,-0.252272778503148,147.59987063678844,0.1007473043624363,41.940830727904135,5.628628916566036,0.8752350641464574,58.22765963902915,5.349998474121094,2.2601018708849887,66.66666666666667,5.003739773421545,70.97041536395207,65.10957170133922,-16.999181478248957,106.0976889375564,111.24897203911472,109.8156362360174,110.984474715653,111.88274683327208,110.30553703812473,110.9396158203444,106.88271795458688,107.12341494914696,108.76585957407951,107.57117989426764,108.64000040690104,108.48676137047426,111.83280013214215,108.64000040690104,104.23699414210893,108.2661053733069,111.60013025599856,36.31004563092999,1,0,0.1880004882812503,1,0.3461949107382577,2.072933146529388,25.530445506420502,9.449996948242188,74.50998151579014,1.6695856708035095,19628413.18452112,2788901.8423975445,0.2635678272962751,1353394.7526584426,70.53110380877747,96729000.0,1.0,168383159.57338533,18.239999771118164,116.18000030517578,20.809999465942383,398882168.33724976,0.027644297758951,1.5619231708685963,1,0,-40,0.5698924731182796
132,132,MPC,53.742464522349074,54.31378095962178,53.04526380055293,53.47133255004883,3642500,0.0,0,0,0,0,0,0,0,0,0,0,0,0,0,0,0,0,0,0,0,0,0,0,0,0,0,0,0,0,0,0,0,0,0,0,0,0,0,0,0,0,0,0,0,0,0,0,0,0,0,0,0,-100,0,0,0,0,0,0,0,0,0,57.61443880812496,47.70096574747458,24.713652991756323,22.146280724954664,-35.714285714285715,9.75636350777701,-5.239004920594157,75.15840045787688,81.99693411227265,-0.4621874101075507,55.551810343398,-1.2934571576227327,-1.5746847450687562,0.2812275874460235,1.2685171590688498,54.404421251390936,53.341575622558594,52.27872999372625,-3.074511024980282,-2.885754731985237,-0.0292432990390902,-0.2137393021149745,57.05970881878997,-1.016940145575702,-10.02088830512397,-11.383306547964214,0.7007328807818101,44.75241880244529,1.8979339599609373,0.6137667988946431,50.0,3.6800637767659294,44.98955584743801,46.381881238159416,-36.888308748222585,51.09788017085811,52.77980237221613,52.89244516546076,53.371925487384935,53.9976348491664,50.28985922290214,53.354525324465314,52.74464874421101,53.400643162546345,52.35837384313345,52.06764132419024,52.34322471618652,51.51211667701261,53.58708908151702,52.34322471618652,54.9969277590769,51.68192314685254,53.59875473181547,40.1257093221751,0,1,0.2740379734421134,1,0.4525007855218959,1.5009835729035514,24.69155281491734,2.68228563232627,52.88043111560184,10.747546567903496,2218169.711934007,1998691.0285830705,-0.0679624128524777,-786430.545846659,29.82524267594075,135287900.0,3.0,658564295.1051241,18.239999771118164,116.18000030517578,20.809999465942383,195756927.0226565,-0.0108715119330008,1.6260307941327028,0,1,-40,0.5698924731182796
133,133,MAR,146.1111580287963,147.68825797088084,144.42425950749185,145.71188354492188,2115900,0.0,0,0,0,0,0,0,0,0,0,0,0,0,0,0,0,100,0,0,0,0,0,0,0,0,0,-100,-100,-100,0,0,0,0,0,0,0,0,0,100,0,0,0,0,0,0,0,0,100,0,0,0,0,-100,0,0,0,0,0,0,0,0,0,140.73444356613626,133.62557369220983,14.30087654169438,12.246771374463329,57.142857142857146,24.181442335073395,0.4111024596765224,80.50477325273664,89.4215573731525,0.0015588109849362,66.22535683180737,1.1493865045064808,-0.0310457065927537,1.180432211099235,3.263998463389015,148.4022969054182,144.60791931152343,140.81354171762865,3.752009636171323,0.5731117052909838,0.0452153249775681,-0.1223267989715455,138.45854459510443,-1.0109481754743506,17.19031561818417,4.737653768222034,0.8402111908495522,57.98142391880927,10.909927368164062,1.6018437092776976,58.333333333333336,8.093300481380638,58.59515780909208,62.417340058609696,-16.9251357164199,136.46020833705762,144.8907254361497,142.9780070911754,144.8771985460828,147.0817832715473,142.62616242668042,146.05992496969918,140.16231632227158,140.4319711660087,140.8633044064045,138.9916898227757,140.86047770182293,139.38521818551635,146.59222421803585,140.8604777018229,140.86254421023236,139.72664675904656,146.17030291207874,37.67453089466581,0,1,1.5591306421966464,1,0.2864109394916822,3.9241655858053663,26.978252392606755,7.625962851607312,61.69196130046882,3.32656092106644,21878231.308241203,2724330.268039398,0.2848600968361761,1385716.0516664854,54.38815229336159,23541900.0,4.0,290040812.55844307,18.239999771118164,116.18000030517578,20.809999465942383,309156599.27313006,0.0068093410505563,1.5400316287058264,1,0,-40,0.5698924731182796
134,134,FDX,277.4131429103401,279.39466535969973,275.22356906977507,277.3636169433594,2337200,0.0,0,0,0,0,0,0,0,0,0,0,0,0,0,0,0,100,0,0,0,0,0,0,0,0,0,0,0,-100,-200,0,0,0,0,0,0,0,0,100,0,0,0,0,0,0,0,0,100,0,0,0,0,-100,0,0,0,0,0,0,0,0,0,295.3201032856075,276.3274886480764,23.642413779027443,19.69683284851129,-92.85714285714286,46.80498899768173,-0.9910771832612292,12.831657957156288,16.856791765657864,-0.0869695722980457,34.901339051070615,-3.4571638097137907,-1.6712525718209537,-1.785911237892837,4.171096289924662,294.87341733300826,282.1351257324219,269.39683413183553,-8.541463601894804,-2.890355819310912,-0.0489449417168743,-0.0118736091277449,-138.58548333899768,0.1990012965987274,-35.97013677183117,-6.114417723278546,-0.7473668530305769,49.439359610093874,-12.42413330078125,-2.040908068952863,58.333333333333336,-4.287321769230812,32.01493161408441,26.924108185414525,-91.31132732856972,294.3006810181801,280.6965806711893,284.84512440074576,280.7380972908927,276.98425530328643,287.1445864556201,280.227046845445,286.9643368604801,287.8640399176232,290.7526820898056,290.8559997073685,289.4687316894531,290.3507524712229,277.8455750515756,289.46873168945314,287.63802859127395,285.63452333669096,277.1958126562024,42.695985819719134,0,1,0.3249755576504583,-1,0.302689128998624,5.781782380083029,23.945000279931254,10.194953390028443,41.570594038917534,3.4169971580516023,-1078347.269695344,-1010174.331120926,-0.0426136013962048,-7322120.817344491,28.36326670077471,126280000.0,3.0,559621926.1746082,18.239999771118164,116.18000030517578,20.809999465942383,648369997.610047,-0.006493271159108,2.121823748291282,0,1,-40,0.5698924731182796
135,135,AON,261.01827125211787,263.6046544788134,256.1339364978304,258.67059326171875,3738000,0.51,0,0,0,0,0,0,0,0,0,0,0,0,0,0,0,0,0,0,0,0,0,0,0,0,0,0,0,0,0,0,0,0,0,0,0,0,0,0,0,0,0,0,0,0,0,0,0,0,0,0,0,-100,0,0,0,0,0,0,0,0,0,241.8316922591601,223.1583983262809,31.5424541254372,25.97736012698578,64.28571428571429,33.05175784171217,1.1283168144251543,87.50673131209722,91.01252547399332,0.0474308729703887,63.66750493804378,4.751226862291958,0.714324341069426,4.036902521222531,7.470717980983011,266.121077997744,257.6906494140625,249.2602208303809,18.656257481724825,2.68754078791693,0.0859830707936721,-0.3142506511924585,105.51187993292632,-2.798910224389674,39.33163559452807,14.52440756477808,0.8876626574013416,69.16294254935617,28.59779357910156,3.880427458619834,75.0,12.42988898233599,69.66581779726404,82.71736216862482,-11.744750619730588,228.75857977567304,257.237398925034,250.3963900479404,256.6706570712003,266.38831293895186,255.321386169858,261.80200585523494,251.76614494459136,239.64961663645065,242.335674315691,237.0418209892996,242.8525634765625,237.9610493748473,262.8643159761865,242.8525634765625,242.4855333029361,250.77669392203296,262.4434380656891,28.918149005526907,0,1,1.2634345723625784,1,0.4565083059548001,5.8935416330830686,25.49219884673086,13.459153711636532,64.28950782488697,3.773832822629299,-16153971.672031429,2408579.8506161347,0.0619636345534853,24749392.40431704,84.10464271256876,33671700.0,4.0,161295840.4059365,18.239999771118164,116.18000030517578,20.809999465942383,975686297.9404166,-0.0041728791132239,1.394063597327536,0,1,-40,0.5698924731182796
136,136,ICE,118.759630035676,120.40617233233156,118.64059987291168,118.85881805419922,2381300,0.0,0,0,0,0,0,0,0,0,0,0,0,0,0,0,0,100,0,0,0,0,0,0,100,0,0,0,0,0,0,0,0,0,0,0,0,0,0,100,0,0,0,0,0,0,0,0,0,0,0,0,0,100,0,0,0,0,0,0,0,0,0,114.90862065261774,110.6883521853854,16.5171823251696,18.482075071109108,57.142857142857146,10.334963550014312,0.5599977343261733,41.458285758602166,58.41759451421504,0.1670850588521011,50.90938779857407,1.234262855324502,1.277943783100193,-0.0436809277756908,1.7655724594198858,120.74288173404857,119.71184692382812,118.68081211360769,2.9239843848102964,0.6619000557141419,0.0055999881012898,0.0561789565724264,36.53554496443893,-0.9042426578115332,13.656790644720685,3.485477831819255,0.7670396624904485,64.42559972710653,1.7556610107421875,0.1363095992494595,58.333333333333336,1.4992431075881774,56.828395322360336,65.46208921146433,-44.6551275006468,118.5216033908632,119.90655970961726,119.58253992254085,119.50056596235795,120.0631672175158,120.05691458950643,119.93528435174562,118.37729799033102,118.2117505485431,119.79741859436037,118.75397571146416,119.56934534708658,119.34962698489905,119.77172952598288,119.56934534708658,117.04743765782592,118.94894159600956,119.77981034503748,49.46971951331125,0,1,0.4086618994581528,-1,0.3955362339769978,1.5318946174198538,24.85894082565293,4.513116659562428,50.735066050171945,0.7377187064003169,14528042.561415762,67667.66099558212,0.0514064797768752,-219151.6902772101,41.280210796551216,53250500.0,4.0,68572001.97117499,18.239999771118164,116.18000030517578,20.809999465942383,282802307.00395525,-0.0007510752205591,1.252815785146982,0,1,-40,0.5698924731182796
137,137,BSX,45.18999862670898,45.93000030517578,45.0099983215332,45.59999847412109,9108200,0.0,0,0,0,0,0,0,0,0,0,0,0,0,0,0,0,0,0,0,100,0,0,0,0,0,0,0,0,0,-100,0,0,0,0,0,0,0,0,0,0,0,0,0,0,0,0,0,0,0,0,0,0,0,0,0,0,0,0,0,0,0,0,43.05779983520508,39.11979986190796,17.35355294990922,13.373965178522589,42.85714285714286,35.99518609504745,0.4181586859346775,76.81225562175632,79.2702427147377,0.1006695421979397,63.825414517198645,0.598318414196207,0.3151527151517588,0.2831656990444482,0.920001983642578,46.37612841227436,45.16599960327149,43.95587079426862,1.517264467127184,0.1823075367854159,0.0459268868848634,0.4456510471736056,117.72006731965509,-0.5935682157033626,31.969732495276126,6.701981940072573,0.9409745193524686,38.79511008888523,3.5,2.4427396252236773,41.66666666666666,8.31353949371627,65.98486624763807,69.35279728415486,-8.431381055459731,42.9610729777628,45.31412966004631,44.76472688154741,45.23587340241546,45.868059921263125,45.0050534902888,45.49324149555436,43.88824760231496,43.805958328950496,44.26671854406595,43.50643581999972,44.22566655476888,43.69606578213791,45.74906601603698,44.22566655476888,43.00109466010277,44.30249722401981,45.69532004219261,36.06340029108279,1,0,0.2830001831054689,1,0.3593748039321486,0.8653727306251772,26.25846030719822,1.5600051879882808,46.99048090352132,2.645618349631485,-35681569.619971745,7477014.273926593,0.2259853342798158,2726690.949402082,61.20284214212296,81462400.0,1.0,18051907.163104128,18.239999771118164,116.18000030517578,20.809999465942383,411599545.4917908,-0.0072496007850633,1.2401207554817646,0,1,-40,0.5698924731182796
138,138,HUM,426.9324861688253,429.817831278333,423.2014286056454,423.7088317871094,1193800,0.0,0,0,0,0,0,0,0,0,0,0,0,0,0,0,0,0,0,0,0,0,0,0,0,0,0,0,0,0,0,0,0,0,0,0,0,0,0,0,0,0,0,0,0,0,0,0,0,0,0,0,0,0,0,0,0,0,0,0,0,0,0,440.3790695431319,418.2510749961119,29.07385600407635,28.32652598425668,-35.714285714285715,35.98242703681187,0.8074939526435475,8.099943967594157,29.68755958113644,0.1703839331478551,38.64534604408142,-0.1008590808990561,4.722216969814324,-4.8230760507133805,6.616402672687627,479.5695179822968,444.1908447265625,408.8121714708282,0.6632527733735287,3.64610799153644,-0.0616231879473844,-0.4872216128899074,-197.69499103998407,-2.260522653029448,-35.87735515805864,-2.933105517304935,-0.7184509150160336,54.362523800820505,-44.8125,-4.051343408273788,50.0,-9.564665888118473,32.06132242097068,35.75471078308912,-98.9225022089885,460.56811358782704,439.7495155883916,447.210605690696,436.4998354611697,434.5570634629803,459.3698130319116,429.3203250678648,448.1275203252178,446.8010972553533,462.3752975463867,459.0363351467416,457.66344807942704,461.6690624335377,430.96619317408135,457.6634480794271,449.54069649806365,446.4165040581351,433.13369777471337,41.202268581454895,0,1,-2.185899359478788,-1,0.4012903393870454,9.23994401308689,25.07600205505992,11.650791992099585,35.30084990233856,3.996092686330185,-5143624.841930667,-374228.52875175606,0.0563341047246108,-8998990.136773825,34.05559187195363,10604000.0,4.0,8153715.112406201,18.239999771118164,116.18000030517578,20.809999465942383,509672001.98834366,-0.0291854652657136,1.115085168050231,0,1,-40,0.5698924731182796
139,139,MRNA,346.8999938964844,359.8999938964844,342.2799987792969,353.6000061035156,11345700,0.0,0,0,0,0,0,0,0,0,0,0,0,0,0,0,0,0,0,0,0,0,0,0,0,0,0,0,0,0,0,0,0,0,0,0,0,0,0,0,0,0,0,0,0,0,0,0,0,0,0,0,100,0,0,0,0,0,0,0,0,0,0,233.01103973388672,158.55187480926514,50.70123281801444,37.46376182781859,71.42857142857143,69.65265013962137,17.915348968191225,71.87129006434868,65.2660859202591,1.9098419511730305,61.78332460165661,35.04815860822538,30.248678890610496,4.799479717614883,17.6199951171875,360.9054436726543,342.58600463867185,324.2665656046894,86.4313978756175,49.04144150171521,0.291737622410114,0.3802505143997284,90.14803267876422,-0.1662908787166593,53.30619958390335,87.27369343835845,0.8933443630649646,65.12507009208935,67.17001342773438,2.43212508911304,66.66666666666667,23.4507611441956,76.65309979195168,79.94988461021009,-6.55230817756036,318.9034354975924,356.78035843599605,339.7398204456676,345.9487473281114,350.8819441978362,370.02000954935386,346.96884862676313,333.549060982731,240.83399926760035,335.3865593075752,315.92350670782287,333.8613311767578,325.38169033520785,358.6692413200949,333.8613311767578,289.5989773541414,321.7105679066011,350.2906641374128,36.76632324214491,1,0,5.8240966796875,1,0.5450065828273359,19.835192454333093,27.621052794716952,29.799957275390625,57.70121469312876,1.9987314682367472,431910109.155029,12622622.071019052,0.2018733612944086,110026755.7021422,86.02295938537927,568807000.0,1.0,6946829620.962958,18.239999771118164,116.18000030517578,20.809999465942383,3935823260.751343,-0.0106662690956791,5.510722632122899,0,1,-40,0.5698924731182796
140,140,GM,56.720001220703125,57.810001373291016,56.619998931884766,56.84000015258789,13185500,0.0,0,0,0,0,0,0,0,0,0,0,0,0,0,0,0,100,0,0,0,0,0,0,100,0,0,0,0,0,0,0,0,0,0,100,0,0,0,100,0,0,0,0,0,0,0,0,0,0,0,0,0,0,0,0,0,0,0,0,0,0,0,58.872399978637695,51.72415005683899,18.49787636046392,16.59382956216453,-21.42857142857143,8.250877129242118,-2.487860886343072,69.97076038312726,54.89975966367943,-0.2426734404568975,48.16377883474336,-0.7432843705294019,-0.8554535102361983,0.1121691397067964,1.19000244140625,57.77967038038424,56.07600021362305,54.372330046861855,-2.038911696041332,-1.426089702508385,-0.008407304879714,0.1008392316766682,47.84270112943659,1.070060610778837,-2.6326621543815865,-6.561589190068046,0.182063009209265,41.34790560636649,1.3800010681152344,0.3826311326311243,41.66666666666666,2.488281808323367,48.68366892280921,45.34044033915468,-37.44428869494833,55.79269164706329,55.99837965340512,56.04272724498402,56.40713284899305,56.25782853329323,53.668672755717154,55.98723101375656,57.28504040055157,56.55988236862436,55.520605213940144,55.91969296915189,55.7203332265218,55.56055090600353,56.40939625217839,55.72033322652181,58.02133612520647,55.74327267134444,56.33797584374025,45.31038757674023,0,1,0.172999954223633,1,0.259542087232696,1.537965533167611,24.541408730444605,2.8200035095214844,46.69363587220201,5.395620202810292,101778635.73266034,109454.2923555076,0.032601609478325,1007302.1440234288,40.26088559760659,212260200.0,4.0,3250054157.874756,18.239999771118164,116.18000030517578,20.809999465942383,747881576.095581,-0.0049122592859101,2.130728754039229,0,1,-40,0.5698924731182796
141,141,MET,56.18584744819362,56.952592505919256,55.74909369997009,56.001441955566406,4045200,0.0,0,0,0,0,0,0,0,0,0,0,0,0,0,0,0,0,0,0,0,0,0,0,0,0,0,0,0,0,0,0,0,0,0,0,0,0,0,0,0,0,0,0,0,0,0,0,0,0,0,0,0,-100,0,0,0,0,0,0,0,0,0,59.49333217633776,52.937549072698815,24.418792291764003,27.666000815784784,14.285714285714286,17.714798460855427,-1.4199207569640029,52.57604574931013,47.59229238518646,-0.2516017855043184,43.275079933429744,-0.8120455754029123,-0.9801990661423328,0.1681534907394205,1.2034988059491667,56.61160214952573,56.16837997436524,55.72515779920474,-1.3437430755881865,-0.8079926417424161,-0.0158622028890541,-0.1532244915538391,0.5636365343797481,-0.1317181049453466,-11.89763624327275,-3.307190423724561,0.0864038902167692,41.86837825459093,0.1164627075195312,-0.1267872461121604,41.66666666666666,0.2083971562423014,44.05118187836363,48.12392085353965,-44.170390756893575,55.98819141276626,55.96673561680606,56.15655690973456,56.142615925182,56.1666450962883,56.17268260813041,56.16438210211403,57.50263368901977,56.5290179803654,56.18169852346182,56.11693324355953,56.160292053222655,55.79299607197959,56.18175960265191,56.160292053222655,58.16504957853422,55.99360699549298,56.11062725762349,59.636220112453046,0,1,0.0757044719698209,-1,0.2303571328306166,1.4293226907821606,24.75158335710466,2.5525871088216405,39.46112936459857,4.019037045873086,-13826320.866857504,-1318578.2867358793,-0.0936340104688128,-465048.6710150881,28.64721744830457,72947700.0,3.0,385280990.5219041,18.239999771118164,116.18000030517578,20.809999465942383,227282990.0974328,-0.0100889864352494,1.6371382052859689,0,1,-40,0.5698924731182796
142,142,KLAC,335.5146700811411,352.53303054700456,331.6306963736225,344.0831604003906,2656900,0.0,0,0,0,0,0,0,0,0,0,0,0,0,0,0,0,0,0,0,0,0,0,0,0,0,0,0,0,0,0,0,0,0,0,0,0,0,0,0,0,0,0,0,0,0,0,0,0,0,0,0,0,0,0,0,0,0,0,0,0,0,0,310.6979118447125,286.4600344394738,13.488299277761469,12.978071655559484,64.28571428571429,38.81147225395188,-0.1139583983260658,78.47727126345309,67.26418701941807,0.0044900823967353,64.57408251923376,3.4646946513215084,0.1534440447509522,3.3112506065705563,36.84342483411393,345.08817789661555,318.3856262207031,291.68307454479066,7.15640794263021,-0.3529960436698616,0.1108103491061063,0.4099298311937343,279.50760922875526,5.104870493601973,37.01227587558185,7.398896864581008,0.7918238410677771,51.00711838020539,54.29669189453125,3.926098819855013,58.333333333333336,18.73679339635328,68.50613793779092,61.39802851840224,-12.342991399059445,304.87833452303795,323.24678799402426,317.46687954989346,324.68564653730056,321.37509722469593,312.50009167298924,329.89326928398145,314.0904394651434,309.9596554805367,312.57743740081787,307.0526813324668,312.1228312174479,307.253927534917,328.8590149720978,312.1228312174479,309.39685211580934,315.80648103116664,323.81349309289783,32.862741338728355,1,0,3.8523568505739134,1,0.3561286887526446,11.02149368046479,25.973796885792527,53.06124239576502,65.99930911633322,4.879061008016638,9820640.621677598,1140007.23620944,0.1829525218243063,11622704.074061971,56.6041139999469,30973100.0,1.0,71162703.46104778,18.239999771118164,116.18000030517578,20.809999465942383,891428926.9385839,0.0830752504277034,1.7993477862385232,1,0,-40,0.5698924731182796
143,143,NEM,60.31081163332112,61.18026257408115,60.24318808072947,60.68757247924805,5480800,0.0,0,0,0,0,0,0,0,0,0,0,0,0,0,0,0,0,0,0,0,0,0,0,0,0,0,0,0,0,0,0,0,0,0,0,0,0,0,0,0,0,0,0,0,0,0,0,0,0,0,0,0,0,0,0,0,0,0,0,0,0,0,63.87921341856446,60.00107726899685,33.475680173631915,35.13622047860215,-50.0,2.157549664905224,-1.5515031469296532,87.62468782042917,86.62077261900332,-0.2981000241229603,59.05649079635388,-0.8781211131754318,-1.20913214823253,0.3310110350570983,0.9370744933516804,61.4786912786546,59.727316284179686,57.97594128970477,-1.4136524731272573,-0.9339774694198226,0.0081288121389493,0.4020607204656186,62.594381882748095,0.4315642050069992,-0.0728008913117816,-5.900787024112305,0.1537118381407038,41.96108561648292,1.0529937744140625,0.8428861994591514,50.0,1.7657436294233442,49.9635995543441,45.56838768200874,-33.274669559345945,58.35931539117194,59.64702187105908,59.42713692405007,60.06004445536153,60.34087855407008,59.61094282358014,59.5120274918783,59.24133147775062,59.88809894892659,58.5371028855443,59.10134155118681,58.77382049560546,58.77677756212864,60.23171149678473,58.77382049560547,61.35962894476032,58.95397733632636,60.313992216266655,46.56353767937787,1,0,0.1893466930321075,1,0.2864547635241483,1.3257724405690927,24.595271116781163,1.7775494078459388,62.73687231442667,4.117109511207083,-36458556.41188913,2171393.7108860016,-0.0573356990520721,355814.40061037574,44.98045180049935,-26694400.0,1.0,112723782.1235736,18.239999771118164,116.18000030517578,20.809999465942383,330551496.3999064,-0.0079454088001745,1.0850914581995417,0,1,-40,0.5698924731182796
144,144,EMR,97.63695937186483,98.8700232339768,97.34337771554968,98.73301696777344,2807100,0.0,0,0,0,0,0,0,0,0,0,0,0,100,0,0,0,0,0,0,0,0,0,0,0,0,0,0,0,0,0,0,0,0,0,0,0,0,0,0,100,0,0,0,0,0,0,0,0,0,0,0,0,0,0,0,0,0,0,0,0,0,0,94.55998520912446,84.42378139866949,8.882703994693314,9.575844271355884,64.28571428571429,13.21043761002176,0.8077045911052945,83.51825439797376,73.92396426852974,0.0939552024853851,61.72146025607341,0.8929039556826268,0.6237218729991071,0.2691820826835197,1.5266455184271166,99.15152517204557,97.06544799804688,94.9793708240482,2.0004151992772705,0.7689698048126985,0.0370642722177096,0.7179516021753657,198.62212088944344,0.8372147980917848,25.05687241706257,3.190269224265386,0.6602065023601938,59.42104968763399,3.5523910522460938,1.5439311440006465,58.333333333333336,3.732262756287019,62.52843620853128,58.82786440351877,-1.818172771082733,94.8854294186106,97.57521818602218,96.78093774968929,97.53253115140475,97.6736360106795,97.3758114514906,97.42628196822284,94.8101767440586,95.73739808101875,96.1272716075182,95.66037775204258,96.10281397501628,96.00078490202884,98.010288846878,96.10281397501628,93.28979710290749,95.74136747070318,97.71207005323336,45.6852069041995,1,0,0.3581739726203821,1,0.2530382528551928,1.7912937603592336,25.13976846382893,2.182319357166733,70.75848785418748,1.4777731921996318,28674161.188359626,1913519.455462098,0.1131516971757853,877416.0314385927,49.007246432658405,81901000.0,1.0,234981309.58351824,18.239999771118164,116.18000030517578,20.809999465942383,274076708.6527618,0.0033185264306192,1.6332908104294543,1,0,-40,0.5698924731182796
145,145,F,13.993182043128352,14.062017731750103,13.63917354745719,13.71784210205078,74955700,0.0,0,0,0,0,0,0,0,0,0,0,0,0,0,0,0,0,0,0,0,0,0,0,0,0,0,0,0,0,0,0,0,0,0,0,0,0,0,0,-100,0,0,0,0,0,0,0,0,0,0,0,0,0,0,0,0,0,0,0,0,0,0,14.312970854590407,11.336739815502774,17.041612136427027,18.489960899580808,57.142857142857146,7.115504724659489,-2.9881134590780647,49.74591123445462,47.7265910948141,-0.2006039440039742,45.81588275137907,-0.133240475132137,-0.1365990816260237,0.0033586064938867,0.511346777249841,14.18266003038685,13.770943450927737,13.35922687146862,-0.44737037810782,-0.4208897321652145,-0.0260995818601861,-0.651161707563745,17.117920853713954,-0.5400233898614011,-6.310816946311568,-6.175236059370074,0.4209174758504362,39.97736059243584,0.3343420028686523,-0.0186040141587067,41.66666666666666,2.498165654656237,46.84459152684421,47.094424335587306,-42.00003706712816,13.62135919599424,13.710619340313894,13.749309730529784,13.790940791576892,13.826647091875946,12.786956135508811,13.76539641060812,13.885250323009362,13.814423865777652,13.689474744722247,13.669861628215845,13.702436415354413,13.57894888520832,13.80323266559484,13.702436415354413,13.887645012174511,13.68114733951165,13.787121682711486,46.59395159374905,0,1,-0.0019668522096773,-1,0.3105948843099479,0.4714804974268077,24.28533204041252,0.7276867090869319,45.76200093895214,6.54491491176542,-351121959.5704572,-22947892.485542715,-0.0373099420079655,2057402.745195157,42.98082489516749,1099906300.0,4.0,12806552683.609434,18.239999771118164,116.18000030517578,20.809999465942383,1048868755.270116,-0.0192970998025303,2.3443160570531925,0,1,-40,0.5698924731182796
